#    s        x        y     Ue/Vinf    Dstar     Theta      Cf       H       H*        P         m          K          tau         Di
   0.00000  1.00000  0.00126  0.88834  0.007890  0.004333  0.000731    1.8209    1.6141  0.00342  0.00701  0.00490
   0.00837  0.99180  0.00295  0.90178  0.007203  0.004089  0.000847    1.7614    1.6290  0.00333  0.00650  0.00489
   0.01972  0.98067  0.00521  0.92012  0.006418  0.003787  0.001008    1.6945    1.6475  0.00321  0.00591  0.00486
   0.03284  0.96782  0.00778  0.93994  0.005720  0.003495  0.001182    1.6368    1.6651  0.00309  0.00538  0.00483
   0.04736  0.95357  0.01057  0.95998  0.005132  0.003229  0.001359    1.5897    1.6805  0.00298  0.00493  0.00480
   0.06282  0.93838  0.01349  0.97919  0.004653  0.002996  0.001529    1.5528    1.6934  0.00287  0.00456  0.00476
   0.07882  0.92265  0.01644  0.99705  0.004265  0.002798  0.001688    1.5242    1.7039  0.00278  0.00425  0.00473
   0.09511  0.90663  0.01939  1.01345  0.003948  0.002628  0.001834    1.5020    1.7124  0.00270  0.00400  0.00469
   0.11155  0.89046  0.02230  1.02851  0.003684  0.002482  0.001968    1.4845    1.7193  0.00263  0.00379  0.00464
   0.12806  0.87420  0.02515  1.04241  0.003461  0.002353  0.002091    1.4706    1.7249  0.00256  0.00361  0.00460
   0.14460  0.85789  0.02795  1.05533  0.003268  0.002239  0.002205    1.4593    1.7296  0.00249  0.00345  0.00455
   0.16116  0.84156  0.03068  1.06743  0.003098  0.002136  0.002313    1.4500    1.7335  0.00243  0.00331  0.00450
   0.17773  0.82520  0.03335  1.07886  0.002946  0.002043  0.002414    1.4423    1.7368  0.00238  0.00318  0.00446
   0.19431  0.80884  0.03596  1.08972  0.002809  0.001957  0.002511    1.4358    1.7396  0.00232  0.00306  0.00440
   0.21089  0.79245  0.03851  1.10011  0.002684  0.001876  0.002604    1.4304    1.7420  0.00227  0.00295  0.00435
   0.22746  0.77606  0.04099  1.11011  0.002568  0.001801  0.002693    1.4257    1.7441  0.00222  0.00285  0.00430
   0.24404  0.75966  0.04340  1.11977  0.002461  0.001731  0.002780    1.4218    1.7459  0.00217  0.00276  0.00424
   0.26062  0.74326  0.04576  1.12916  0.002360  0.001664  0.002865    1.4184    1.7474  0.00212  0.00266  0.00419
   0.27719  0.72684  0.04804  1.13832  0.002265  0.001600  0.002949    1.4154    1.7488  0.00207  0.00258  0.00413
   0.29375  0.71043  0.05026  1.14728  0.002175  0.001539  0.003031    1.4129    1.7500  0.00203  0.00249  0.00407
   0.31031  0.69401  0.05242  1.15609  0.002089  0.001481  0.003112    1.4108    1.7510  0.00198  0.00241  0.00401
   0.32687  0.67758  0.05450  1.16477  0.002007  0.001424  0.003193    1.4090    1.7519  0.00193  0.00234  0.00394
   0.34341  0.66116  0.05652  1.17335  0.001928  0.001370  0.003274    1.4075    1.7526  0.00189  0.00226  0.00388
   0.35995  0.64474  0.05847  1.18186  0.001852  0.001317  0.003355    1.4062    1.7533  0.00184  0.00219  0.00381
   0.37648  0.62832  0.06035  1.19032  0.001778  0.001265  0.003437    1.4052    1.7539  0.00179  0.00212  0.00374
   0.39299  0.61191  0.06215  1.19875  0.001707  0.001216  0.003519    1.4044    1.7543  0.00175  0.00205  0.00367
   0.40949  0.59550  0.06388  1.20716  0.001638  0.001167  0.003602    1.4039    1.7547  0.00170  0.00198  0.00360
   0.42598  0.57909  0.06553  1.21559  0.001571  0.001119  0.003686    1.4035    1.7550  0.00165  0.00191  0.00353
   0.44245  0.56270  0.06711  1.22405  0.001506  0.001073  0.003772    1.4033    1.7552  0.00161  0.00184  0.00345
   0.45890  0.54631  0.06860  1.23255  0.001442  0.001027  0.003859    1.4033    1.7554  0.00156  0.00178  0.00338
   0.47533  0.52994  0.07002  1.24112  0.001379  0.000983  0.003948    1.4035    1.7554  0.00151  0.00171  0.00330
   0.49174  0.51358  0.07135  1.24977  0.001318  0.000939  0.004040    1.4038    1.7555  0.00147  0.00165  0.00322
   0.50813  0.49724  0.07259  1.25854  0.001258  0.000896  0.004135    1.4043    1.7554  0.00142  0.00158  0.00313
   0.52450  0.48092  0.07374  1.26746  0.001199  0.000853  0.004233    1.4050    1.7553  0.00137  0.00152  0.00305
   0.54083  0.46462  0.07480  1.27655  0.001141  0.000811  0.004335    1.4058    1.7552  0.00132  0.00146  0.00296
   0.55713  0.44834  0.07576  1.28587  0.001083  0.000770  0.004443    1.4066    1.7550  0.00127  0.00139  0.00287
   0.57339  0.43211  0.07663  1.29552  0.001026  0.000729  0.004559    1.4074    1.7550  0.00122  0.00133  0.00278
   0.58960  0.41592  0.07738  1.30557  0.000969  0.000688  0.004686    1.4079    1.7550  0.00117  0.00126  0.00269
   0.60571  0.39982  0.07804  1.31684  0.000909  0.000646  0.004843    1.4069    1.7558  0.00112  0.00120  0.00259
   0.62170  0.38384  0.07856  1.32820  0.000851  0.000605  0.005012    1.4055    1.7567  0.00107  0.00113  0.00249
   0.63761  0.36794  0.07893  1.33824  0.000798  0.000568  0.005164    1.4057    1.7570  0.00102  0.00107  0.00239
   0.65345  0.35210  0.07916  1.34795  0.000747  0.000531  0.005318    1.4062    1.7572  0.00097  0.00101  0.00229
   0.66923  0.33632  0.07922  1.35735  0.000697  0.000496  0.005473    1.4071    1.7572  0.00091  0.00095  0.00218
   0.68496  0.32059  0.07913  1.36655  0.000649  0.000461  0.005634    1.4084    1.7572  0.00086  0.00089  0.00207
   0.70063  0.30492  0.07888  1.37559  0.000603  0.000427  0.005802    1.4099    1.7571  0.00081  0.00083  0.00195
   0.71624  0.28931  0.07846  1.38449  0.000556  0.000394  0.005980    1.4117    1.7570  0.00076  0.00077  0.00184
   0.73180  0.27377  0.07787  1.39328  0.000511  0.000362  0.006172    1.4136    1.7569  0.00070  0.00071  0.00172
   0.74728  0.25831  0.07709  1.40197  0.000466  0.000329  0.006384    1.4154    1.7570  0.00065  0.00065  0.00159
   0.76269  0.24293  0.07614  1.41056  0.000421  0.000297  0.006627    1.4166    1.7576  0.00059  0.00059  0.00147
   0.77801  0.22765  0.07499  1.41902  0.000376  0.000266  0.006915    1.4166    1.7588  0.00054  0.00053  0.00134
   0.79324  0.21248  0.07364  1.42728  0.000331  0.000234  0.007268    1.4148    1.7612  0.00048  0.00047  0.00120
   0.80835  0.19745  0.07210  1.43515  0.000286  0.000202  0.007686    1.4128    1.7641  0.00042  0.00041  0.00106
   0.82334  0.18256  0.07034  1.44234  0.000244  0.000171  0.007969    1.4267    1.7610  0.00036  0.00035  0.00090
   0.83818  0.16785  0.06837  1.44958  0.000219  0.000142  0.006972    1.5464    1.7202  0.00030  0.00032  0.00074
   0.85283  0.15336  0.06618  1.46185  0.000245  0.000121  0.003320    2.0296    1.6035  0.00026  0.00036  0.00060
   0.86726  0.13914  0.06378  1.47940  0.000302  0.000108  0.000855    2.7877    1.5593  0.00024  0.00045  0.00055
   0.88139  0.12525  0.06115  1.48678  0.000290  0.000103  0.000861    2.8159    1.5574  0.00023  0.00043  0.00053
   0.89514  0.11179  0.05832  1.49630  0.000274  0.000097  0.000919    2.8160    1.5574  0.00022  0.00041  0.00051
   0.90840  0.09889  0.05531  1.50681  0.000256  0.000091  0.000997    2.8095    1.5578  0.00021  0.00039  0.00049
   0.92101  0.08668  0.05215  1.51798  0.000239  0.000085  0.001089    2.8019    1.5584  0.00020  0.00036  0.00046
   0.93281  0.07533  0.04890  1.52971  0.000221  0.000079  0.001196    2.7937    1.5589  0.00019  0.00034  0.00044
   0.94366  0.06499  0.04563  1.54188  0.000205  0.000073  0.001321    2.7845    1.5596  0.00017  0.00032  0.00042
   0.95345  0.05575  0.04241  1.55429  0.000188  0.000068  0.001467    2.7736    1.5603  0.00016  0.00029  0.00040
   0.96216  0.04761  0.03929  1.56675  0.000173  0.000063  0.001638    2.7604    1.5613  0.00015  0.00027  0.00038
   0.96984  0.04054  0.03631  1.57904  0.000158  0.000058  0.001840    2.7443    1.5625  0.00014  0.00025  0.00036
   0.97658  0.03441  0.03349  1.59095  0.000145  0.000053  0.002077    2.7253    1.5639  0.00013  0.00023  0.00033
   0.98251  0.02911  0.03083  1.60224  0.000132  0.000049  0.002358    2.7032    1.5657  0.00013  0.00021  0.00031
   0.98774  0.02453  0.02830  1.61267  0.000120  0.000045  0.002688    2.6782    1.5677  0.00012  0.00019  0.00030
   0.99240  0.02055  0.02589  1.62192  0.000109  0.000041  0.003078    2.6505    1.5701  0.00011  0.00018  0.00028
   0.99656  0.01707  0.02360  1.62957  0.000099  0.000038  0.003539    2.6204    1.5728  0.00010  0.00016  0.00026
   1.00032  0.01404  0.02138  1.63503  0.000089  0.000034  0.004081    2.5880    1.5758  0.00009  0.00015  0.00024
   1.00373  0.01138  0.01924  1.63747  0.000080  0.000031  0.004718    2.5538    1.5792  0.00008  0.00013  0.00022
   1.00685  0.00906  0.01715  1.63577  0.000072  0.000029  0.005459    2.5181    1.5829  0.00008  0.00012  0.00020
   1.00973  0.00704  0.01510  1.62837  0.000065  0.000026  0.006313    2.4814    1.5869  0.00007  0.00011  0.00018
   1.01240  0.00530  0.01308  1.61317  0.000058  0.000024  0.007273    2.4441    1.5912  0.00006  0.00009  0.00016
   1.01488  0.00381  0.01109  1.58747  0.000052  0.000021  0.008316    2.4069    1.5958  0.00005  0.00008  0.00014
   1.01722  0.00258  0.00911  1.54798  0.000046  0.000019  0.009384    2.3706    1.6005  0.00005  0.00007  0.00012
   1.01942  0.00159  0.00714  1.49113  0.000042  0.000018  0.010370    2.3362    1.6051  0.00004  0.00006  0.00009
   1.02150  0.00084  0.00520  1.41377  0.000038  0.000016  0.011123    2.3047    1.6096  0.00003  0.00005  0.00007
   1.02349  0.00034  0.00328  1.31446  0.000035  0.000015  0.011459    2.2780    1.6135  0.00003  0.00005  0.00006
   1.02539  0.00006  0.00140  1.19444  0.000033  0.000015  0.011280    2.2547    1.6171  0.00002  0.00004  0.00004
   1.02720  0.00001 -0.00042  1.06046  0.000032  0.000014  0.010404    2.2496    1.6179  0.00002  0.00003  0.00003
   1.02905  0.00016 -0.00225  0.91042  0.000031  0.000014  0.009387    2.2291    1.6211  0.00001  0.00003  0.00002
   1.03096  0.00056 -0.00413  0.74290  0.000031  0.000014  0.007637    2.2317    1.6207  0.00001  0.00002  0.00001
   1.03296  0.00122 -0.00601  0.56609  0.000031  0.000014  0.005890    2.2080    1.6246  0.00000  0.00002  0.00000
   1.03504  0.00215 -0.00788  0.39065  0.000033  0.000015  0.003759    2.2316    1.6207  0.00000  0.00001  0.00000
   1.03723  0.00334 -0.00971  0.22471  0.000034  0.000016  0.002124    2.2100    1.6242  0.00000  0.00001  0.00000
   1.03954  0.00480 -0.01150  0.07460  0.000039  0.000018  0.000605    2.2295    1.6211  0.00000  0.00000  0.00000
   1.04200  0.00653 -0.01325 -0.05823  0.000039  0.000018  0.000472    2.2295    1.6211  0.00000 -0.00000 -0.00000
   1.04462  0.00853 -0.01495 -0.17408  0.000046  0.000020  0.001183    2.2557    1.6169  0.00000 -0.00001 -0.00000
   1.04744  0.01081 -0.01661 -0.27411  0.000049  0.000022  0.001776    2.2350    1.6202  0.00000 -0.00001 -0.00000
   1.05050  0.01339 -0.01825 -0.36106  0.000055  0.000024  0.002019    2.2760    1.6138  0.00000 -0.00002 -0.00000
   1.05383  0.01631 -0.01986 -0.43636  0.000060  0.000026  0.002270    2.2645    1.6156  0.00001 -0.00003 -0.00000
   1.05750  0.01960 -0.02147 -0.50242  0.000066  0.000029  0.002305    2.2905    1.6117  0.00001 -0.00003 -0.00001
   1.06156  0.02333 -0.02307 -0.56036  0.000072  0.000031  0.002346    2.2931    1.6113  0.00001 -0.00004 -0.00001
   1.06609  0.02757 -0.02468 -0.61178  0.000079  0.000034  0.002293    2.3090    1.6090  0.00001 -0.00005 -0.00001
   1.07120  0.03242 -0.02630 -0.65753  0.000087  0.000038  0.002227    2.3186    1.6076  0.00002 -0.00006 -0.00002
   1.07700  0.03798 -0.02793 -0.69847  0.000096  0.000041  0.002127    2.3313    1.6058  0.00002 -0.00007 -0.00002
   1.08362  0.04440 -0.02958 -0.73515  0.000105  0.000045  0.002014    2.3430    1.6042  0.00002 -0.00008 -0.00003
   1.09122  0.05181 -0.03124 -0.76797  0.000116  0.000049  0.001891    2.3554    1.6025  0.00003 -0.00009 -0.00004
   1.09993  0.06036 -0.03289 -0.79713  0.000127  0.000054  0.001762    2.3679    1.6008  0.00003 -0.00010 -0.00004
   1.10983  0.07013 -0.03449 -0.82274  0.000140  0.000059  0.001633    2.3806    1.5992  0.00004 -0.00011 -0.00005
   1.12094  0.08113 -0.03602 -0.84484  0.000153  0.000064  0.001508    2.3933    1.5975  0.00005 -0.00013 -0.00006
   1.13317  0.09329 -0.03741 -0.86355  0.000168  0.000070  0.001391    2.4058    1.5959  0.00005 -0.00015 -0.00007
   1.14637  0.10643 -0.03865 -0.87912  0.000183  0.000076  0.001284    2.4181    1.5944  0.00006 -0.00016 -0.00008
   1.16035  0.12037 -0.03971 -0.89189  0.000198  0.000082  0.001187    2.4299    1.5930  0.00006 -0.00018 -0.00009
   1.17492  0.13492 -0.04058 -0.90226  0.000214  0.000088  0.001100    2.4413    1.5916  0.00007 -0.00019 -0.00010
   1.18995  0.14993 -0.04126 -0.91063  0.000230  0.000094  0.001023    2.4521    1.5903  0.00008 -0.00021 -0.00011
   1.20532  0.16529 -0.04178 -0.91738  0.000245  0.000100  0.000955    2.4626    1.5891  0.00008 -0.00022 -0.00012
   1.22096  0.18092 -0.04213 -0.92279  0.000261  0.000105  0.000895    2.4725    1.5879  0.00009 -0.00024 -0.00013
   1.23681  0.19677 -0.04235 -0.92714  0.000276  0.000111  0.000841    2.4819    1.5869  0.00010 -0.00026 -0.00014
   1.25283  0.21279 -0.04244 -0.93063  0.000291  0.000117  0.000793    2.4908    1.5859  0.00010 -0.00027 -0.00015
   1.26900  0.22896 -0.04241 -0.93342  0.000306  0.000122  0.000750    2.4991    1.5850  0.00011 -0.00029 -0.00016
   1.28529  0.24525 -0.04228 -0.93565  0.000321  0.000128  0.000711    2.5068    1.5841  0.00011 -0.00030 -0.00017
   1.30169  0.26165 -0.04206 -0.93744  0.000335  0.000133  0.000677    2.5138    1.5834  0.00012 -0.00031 -0.00017
   1.31818  0.27814 -0.04176 -0.93889  0.000349  0.000138  0.000646    2.5200    1.5827  0.00012 -0.00033 -0.00018
   1.33476  0.29471 -0.04140 -0.94008  0.000363  0.000144  0.000619    2.5252    1.5822  0.00013 -0.00034 -0.00019
   1.35141  0.31136 -0.04097 -0.94108  0.000376  0.000149  0.000595    2.5294    1.5817  0.00013 -0.00035 -0.00020
   1.36813  0.32807 -0.04049 -0.94197  0.000389  0.000153  0.000575    2.5322    1.5814  0.00014 -0.00037 -0.00020
   1.38490  0.34483 -0.03997 -0.94283  0.000401  0.000158  0.000557    2.5332    1.5813  0.00014 -0.00038 -0.00021
   1.40172  0.36165 -0.03941 -0.94373  0.000412  0.000163  0.000543    2.5320    1.5814  0.00014 -0.00039 -0.00022
   1.41857  0.37849 -0.03882 -0.94478  0.000422  0.000167  0.000533    2.5276    1.5819  0.00015 -0.00040 -0.00022
   1.43543  0.39533 -0.03820 -0.94638  0.000429  0.000171  0.000533    2.5142    1.5833  0.00015 -0.00041 -0.00023
   1.45223  0.41212 -0.03756 -0.94854  0.000434  0.000174  0.000539    2.4954    1.5854  0.00016 -0.00041 -0.00024
   1.46900  0.42888 -0.03688 -0.94968  0.000445  0.000178  0.000523    2.5019    1.5847  0.00016 -0.00042 -0.00024
   1.48578  0.44564 -0.03614 -0.95039  0.000458  0.000182  0.000503    2.5129    1.5835  0.00016 -0.00043 -0.00025
   1.50257  0.46241 -0.03537 -0.95079  0.000470  0.000186  0.000483    2.5250    1.5822  0.00017 -0.00045 -0.00025
   1.51939  0.47921 -0.03455 -0.95096  0.000483  0.000191  0.000464    2.5366    1.5810  0.00017 -0.00046 -0.00026
   1.53623  0.49603 -0.03370 -0.95097  0.000496  0.000195  0.000447    2.5472    1.5799  0.00018 -0.00047 -0.00026
   1.55310  0.51287 -0.03282 -0.95084  0.000509  0.000199  0.000431    2.5567    1.5789  0.00018 -0.00048 -0.00027
   1.56999  0.52974 -0.03190 -0.95062  0.000521  0.000203  0.000417    2.5653    1.5781  0.00018 -0.00050 -0.00028
   1.58690  0.54662 -0.03096 -0.95031  0.000533  0.000207  0.000404    2.5729    1.5773  0.00019 -0.00051 -0.00028
   1.60383  0.56353 -0.03000 -0.94995  0.000545  0.000211  0.000392    2.5798    1.5766  0.00019 -0.00052 -0.00029
   1.62078  0.58045 -0.02902 -0.94952  0.000557  0.000215  0.000380    2.5860    1.5760  0.00019 -0.00053 -0.00029
   1.63774  0.59738 -0.02801 -0.94906  0.000569  0.000219  0.000370    2.5916    1.5755  0.00020 -0.00054 -0.00030
   1.65472  0.61433 -0.02699 -0.94857  0.000580  0.000223  0.000361    2.5966    1.5750  0.00020 -0.00055 -0.00030
   1.67172  0.63130 -0.02595 -0.94805  0.000592  0.000227  0.000352    2.6013    1.5746  0.00020 -0.00056 -0.00031
   1.68872  0.64827 -0.02490 -0.94750  0.000603  0.000231  0.000343    2.6057    1.5742  0.00021 -0.00057 -0.00031
   1.70574  0.66525 -0.02384 -0.94693  0.000614  0.000235  0.000335    2.6098    1.5738  0.00021 -0.00058 -0.00031
   1.72277  0.68225 -0.02277 -0.94634  0.000625  0.000239  0.000328    2.6138    1.5734  0.00021 -0.00059 -0.00032
   1.73980  0.69925 -0.02169 -0.94573  0.000636  0.000243  0.000320    2.6178    1.5730  0.00022 -0.00060 -0.00032
   1.75684  0.71625 -0.02060 -0.94510  0.000646  0.000247  0.000313    2.6219    1.5727  0.00022 -0.00061 -0.00033
   1.77389  0.73326 -0.01950 -0.94443  0.000657  0.000250  0.000306    2.6263    1.5723  0.00022 -0.00062 -0.00033
   1.79094  0.75027 -0.01839 -0.94372  0.000669  0.000254  0.000299    2.6312    1.5718  0.00023 -0.00063 -0.00034
   1.80799  0.76729 -0.01728 -0.94297  0.000680  0.000258  0.000292    2.6368    1.5713  0.00023 -0.00064 -0.00034
   1.82504  0.78430 -0.01616 -0.94215  0.000692  0.000262  0.000285    2.6433    1.5707  0.00023 -0.00065 -0.00034
   1.84209  0.80132 -0.01503 -0.94126  0.000704  0.000266  0.000277    2.6512    1.5700  0.00024 -0.00066 -0.00035
   1.85914  0.81833 -0.01390 -0.94028  0.000717  0.000269  0.000268    2.6610    1.5692  0.00024 -0.00067 -0.00035
   1.87618  0.83534 -0.01276 -0.93917  0.000731  0.000274  0.000259    2.6732    1.5682  0.00024 -0.00069 -0.00036
   1.89322  0.85233 -0.01162 -0.93790  0.000747  0.000278  0.000249    2.6887    1.5669  0.00024 -0.00070 -0.00036
   1.91023  0.86931 -0.01047 -0.93644  0.000764  0.000282  0.000236    2.7089    1.5652  0.00025 -0.00072 -0.00036
   1.92721  0.88624 -0.00931 -0.93473  0.000784  0.000287  0.000222    2.7354    1.5632  0.00025 -0.00073 -0.00037
   1.94411  0.90311 -0.00815 -0.93273  0.000809  0.000292  0.000206    2.7709    1.5605  0.00025 -0.00075 -0.00037
   1.96087  0.91982 -0.00699 -0.93037  0.000838  0.000297  0.000186    2.8192    1.5572  0.00026 -0.00078 -0.00037
   1.97732  0.93623 -0.00584 -0.92763  0.000875  0.000303  0.000162    2.8849    1.5531  0.00026 -0.00081 -0.00038
   1.99319  0.95207 -0.00472 -0.92463  0.000919  0.000309  0.000135    2.9709    1.5483  0.00026 -0.00085 -0.00038
   2.00805  0.96689 -0.00367 -0.92169  0.000968  0.000316  0.000109    3.0686    1.5438  0.00027 -0.00089 -0.00038
   2.02139  0.98019 -0.00271 -0.91960  0.000998  0.000320  0.000097    3.1198    1.5417  0.00027 -0.00092 -0.00038
   2.03285  0.99163 -0.00187 -0.90308  0.000933  0.000351  0.000340    2.6554    1.5191  0.00029 -0.00084 -0.00039
   2.04125  1.00000 -0.00126 -0.88834  0.000811  0.000381  0.000826    2.1324    1.5715  0.00030 -0.00072 -0.00042
   2.04125  1.00010 -0.00001  0.88834  0.011192  0.004714  0.000000    2.3745
   2.04963  1.00847 -0.00053  0.87185  0.010004  0.005096  0.000000    1.9629
   2.05919  1.01801 -0.00099  0.88281  0.008860  0.004854  0.000000    1.8251
   2.07007  1.02888 -0.00145  0.89407  0.007933  0.004628  0.000000    1.7142
   2.08247  1.04127 -0.00190  0.90498  0.007185  0.004427  0.000000    1.6232
   2.09659  1.05539 -0.00235  0.91516  0.006578  0.004253  0.000000    1.5467
   2.11268  1.07148 -0.00277  0.92441  0.006079  0.004105  0.000000    1.4810
   2.13102  1.08981 -0.00317  0.93272  0.005665  0.003980  0.000000    1.4233
   2.15190  1.11069 -0.00352  0.94016  0.005315  0.003874  0.000000    1.3720
   2.17570  1.13448 -0.00382  0.94682  0.005017  0.003784  0.000000    1.3259
   2.20281  1.16159 -0.00404  0.95280  0.004759  0.003706  0.000000    1.2844
   2.23369  1.19247 -0.00415  0.95819  0.004536  0.003638  0.000000    1.2469
   2.26888  1.22766 -0.00412  0.96306  0.004342  0.003579  0.000000    1.2132
   2.30896  1.26774 -0.00390  0.96746  0.004173  0.003527  0.000000    1.1832
   2.35463  1.31341 -0.00346  0.97143  0.004027  0.003482  0.000000    1.1566
   2.40666  1.36543 -0.00273  0.97501  0.003900  0.003442  0.000000    1.1333
   2.46593  1.42469 -0.00164  0.97824  0.003792  0.003406  0.000000    1.1132
   2.53346  1.49221 -0.00011  0.98113  0.003699  0.003375  0.000000    1.0960
   2.61039  1.56911  0.00195  0.98372  0.003621  0.003348  0.000000    1.0815
   2.69804  1.65671  0.00466  0.98601  0.003554  0.003324  0.000000    1.0693
   2.79789  1.75651  0.00814  0.98804  0.003499  0.003303  0.000000    1.0592
   2.91165  1.87018  0.01256  0.98982  0.003452  0.003285  0.000000    1.0509
   3.04125  1.99966  0.01807  0.99150  0.003412  0.003268  0.000000    1.0440
