#    s        x        y     Ue/Vinf    Dstar     Theta      Cf       H       H*        P         m          K          tau         Di
   0.00000  1.00000  0.00126  1.02785  0.089034  0.017388 -0.000075    5.1206    1.7048  0.01837  0.09151  0.03219
   0.00837  0.99180  0.00295  1.02882  0.087304  0.017277 -0.000076    5.0533    1.7019  0.01829  0.08982  0.03202
   0.01972  0.98067  0.00521  1.03016  0.084908  0.017133 -0.000077    4.9558    1.6973  0.01818  0.08747  0.03179
   0.03284  0.96782  0.00778  1.03168  0.082111  0.016972 -0.000078    4.8380    1.6917  0.01806  0.08471  0.03153
   0.04736  0.95357  0.01057  1.03338  0.078994  0.016797 -0.000080    4.7029    1.6852  0.01794  0.08163  0.03124
   0.06282  0.93838  0.01349  1.03519  0.075654  0.016616 -0.000082    4.5531    1.6779  0.01781  0.07832  0.03093
   0.07882  0.92265  0.01644  1.03709  0.072281  0.016432 -0.000084    4.3989    1.6700  0.01767  0.07496  0.03061
   0.09511  0.90663  0.01939  1.03907  0.068890  0.016246 -0.000086    4.2404    1.6618  0.01754  0.07158  0.03029
   0.11155  0.89046  0.02230  1.04110  0.065508  0.016063 -0.000087    4.0782    1.6532  0.01741  0.06820  0.02997
   0.12806  0.87420  0.02515  1.04320  0.062186  0.015881 -0.000089    3.9159    1.6445  0.01728  0.06487  0.02965
   0.14460  0.85789  0.02795  1.04534  0.058932  0.015703 -0.000090    3.7528    1.6352  0.01716  0.06160  0.02933
   0.16116  0.84156  0.03068  1.04752  0.055788  0.015530 -0.000091    3.5922    1.6255  0.01704  0.05844  0.02902
   0.17773  0.82520  0.03335  1.04978  0.052794  0.015359 -0.000091    3.4374    1.6155  0.01693  0.05542  0.02871
   0.19431  0.80884  0.03596  1.05207  0.049916  0.015191 -0.000090    3.2858    1.6051  0.01681  0.05251  0.02840
   0.21089  0.79245  0.03851  1.05439  0.047160  0.015029 -0.000087    3.1380    1.5943  0.01671  0.04973  0.02809
   0.22746  0.77606  0.04099  1.05677  0.044547  0.014868 -0.000083    2.9961    1.5832  0.01660  0.04708  0.02778
   0.24404  0.75966  0.04340  1.05917  0.042093  0.014713 -0.000077    2.8608    1.5714  0.01651  0.04458  0.02747
   0.26062  0.74326  0.04576  1.06163  0.039804  0.014561 -0.000068    2.7337    1.5595  0.01641  0.04226  0.02717
   0.27719  0.72684  0.04804  1.06417  0.037685  0.014407 -0.000056    2.6157    1.5476  0.01632  0.04010  0.02687
   0.29375  0.71043  0.05026  1.06684  0.035762  0.014250 -0.000041    2.5097    1.5361  0.01622  0.03815  0.02658
   0.31031  0.69401  0.05242  1.07006  0.034347  0.014058 -0.000028    2.4433    1.5276  0.01610  0.03675  0.02631
   0.32687  0.67758  0.05450  1.09470  0.023849  0.012394  0.000299    1.9242    1.6990  0.01485  0.02611  0.02763
   0.34341  0.66116  0.05652  1.14156  0.015759  0.010137  0.000991    1.5546    1.9432  0.01321  0.01799  0.02930
   0.35995  0.64474  0.05847  1.15315  0.015072  0.009726  0.001089    1.5496    1.9582  0.01293  0.01738  0.02921
   0.37648  0.62832  0.06035  1.16267  0.014644  0.009414  0.001143    1.5555    1.9603  0.01273  0.01703  0.02900
   0.39299  0.61191  0.06215  1.17169  0.014281  0.009132  0.001180    1.5637    1.9582  0.01254  0.01673  0.02877
   0.40949  0.59550  0.06388  1.18063  0.013940  0.008865  0.001210    1.5725    1.9541  0.01236  0.01646  0.02851
   0.42598  0.57909  0.06553  1.18968  0.013607  0.008604  0.001234    1.5814    1.9485  0.01218  0.01619  0.02823
   0.44245  0.56270  0.06711  1.19896  0.013276  0.008347  0.001256    1.5905    1.9419  0.01200  0.01592  0.02794
   0.45890  0.54631  0.06860  1.20856  0.012948  0.008091  0.001277    1.6002    1.9347  0.01182  0.01565  0.02763
   0.47533  0.52994  0.07002  1.21860  0.012614  0.007834  0.001323    1.6102    1.9269  0.01163  0.01537  0.02732
   0.49174  0.51358  0.07135  1.22905  0.012283  0.007577  0.001372    1.6211    1.9182  0.01145  0.01510  0.02698
   0.50813  0.49724  0.07259  1.24028  0.011929  0.007312  0.001431    1.6314    1.9098  0.01125  0.01479  0.02664
   0.52450  0.48092  0.07374  1.25252  0.011542  0.007034  0.001507    1.6408    1.9024  0.01104  0.01446  0.02629
   0.54083  0.46462  0.07480  1.26648  0.011086  0.006731  0.001616    1.6470    1.8983  0.01080  0.01404  0.02596
   0.55713  0.44834  0.07576  1.28634  0.010292  0.006317  0.001865    1.6292    1.9132  0.01045  0.01324  0.02572
   0.57339  0.43211  0.07663  1.30364  0.009786  0.005991  0.002055    1.6334    1.9100  0.01018  0.01276  0.02535
   0.58960  0.41592  0.07738  1.31759  0.009567  0.005753  0.002152    1.6629    1.8868  0.00999  0.01261  0.02483
   0.60571  0.39982  0.07804  1.30459  0.011331  0.006054  0.001454    1.8717    1.7556  0.01030  0.01478  0.02360
   0.62170  0.38384  0.07856  1.64722  0.002737  0.002396  0.019414    1.1421    2.5593  0.00650  0.00451  0.02741
   0.63761  0.36794  0.07893  1.54809  0.003176  0.002871  0.013398    1.1061    2.4477  0.00688  0.00492  0.02608
   0.65345  0.35210  0.07916  1.27902  0.010565  0.006136  0.001271    1.7218    1.5787  0.01004  0.01351  0.02027
   0.66923  0.33632  0.07922  1.30921  0.008752  0.005580  0.001559    1.5683    1.6004  0.00957  0.01146  0.02004
   0.68496  0.32059  0.07913  1.33798  0.007620  0.005124  0.001770    1.4871    1.5996  0.00917  0.01019  0.01963
   0.70063  0.30492  0.07888  1.36476  0.006955  0.004754  0.001844    1.4631    1.5719  0.00885  0.00949  0.01900
   0.71624  0.28931  0.07846  1.39378  0.006455  0.004396  0.001860    1.4685    1.5306  0.00854  0.00900  0.01822
   0.73180  0.27377  0.07787  1.42350  0.006190  0.004071  0.001675    1.5205    1.4655  0.00825  0.00881  0.01721
   0.74728  0.25831  0.07709  1.45054  0.006357  0.003811  0.000999    1.6682    1.3608  0.00802  0.00922  0.01583
   0.76269  0.24293  0.07614  1.47951  0.007013  0.003551 -0.000064    1.9749    1.2258  0.00777  0.01038  0.01410
   0.77801  0.22765  0.07499  1.53613  0.007684  0.003026 -0.000462    2.5391    1.1385  0.00714  0.01180  0.01249
   0.79324  0.21248  0.07364  1.61592  0.008404  0.002334 -0.000595    3.6003    1.0861  0.00610  0.01358  0.01070
   0.80835  0.19745  0.07210  1.76345  0.008999  0.001174 -0.001757    7.6676    1.5777  0.00365  0.01587  0.01015
   0.82334  0.18256  0.07034  1.77184  0.009778  0.001121 -0.001817    8.7240    1.5962  0.00352  0.01732  0.00995
   0.83818  0.16785  0.06837  1.77925  0.010108  0.001074 -0.001884    9.4120    1.6090  0.00340  0.01798  0.00973
   0.85283  0.15336  0.06618  1.78613  0.010106  0.001031 -0.001958    9.8018    1.6170  0.00329  0.01805  0.00950
   0.86726  0.13914  0.06378  1.79282  0.009851  0.000991 -0.002042    9.9430    1.6210  0.00318  0.01766  0.00925
   0.88139  0.12525  0.06115  1.79955  0.009395  0.000952 -0.002136    9.8667    1.6214  0.00308  0.01691  0.00900
   0.89514  0.11179  0.05832  1.80654  0.008781  0.000915 -0.002246    9.6002    1.6185  0.00299  0.01586  0.00873
   0.90840  0.09889  0.05531  1.81401  0.008049  0.000878 -0.002376    9.1721    1.6127  0.00289  0.01460  0.00845
   0.92101  0.08668  0.05215  1.82220  0.007240  0.000840 -0.002536    8.6157    1.6044  0.00279  0.01319  0.00816
   0.93281  0.07533  0.04890  1.83140  0.006397  0.000803 -0.002736    7.9706    1.5942  0.00269  0.01172  0.00786
   0.94366  0.06499  0.04563  1.84190  0.005563  0.000764 -0.002993    7.2807    1.5828  0.00259  0.01025  0.00756
   0.95345  0.05575  0.04241  1.85407  0.004776  0.000725 -0.003320    6.5890    1.5708  0.00249  0.00885  0.00726
   0.96216  0.04761  0.03929  1.86833  0.004061  0.000685 -0.003641    5.9323    1.5588  0.00239  0.00759  0.00696
   0.96984  0.04054  0.03631  1.88518  0.003433  0.000643 -0.003759    5.3363    1.5477  0.00229  0.00647  0.00667
   0.97658  0.03441  0.03349  1.90509  0.002894  0.000601 -0.003271    4.8148    1.5383  0.00218  0.00551  0.00639
   0.98251  0.02911  0.03083  1.92831  0.002440  0.000558 -0.001776    4.3698    1.5318  0.00208  0.00470  0.00613
   0.98774  0.02453  0.02830  1.95414  0.002060  0.000516  0.000975    3.9895    1.5259  0.00197  0.00403  0.00588
   0.99240  0.02055  0.02589  1.98279  0.001744  0.000475  0.005070    3.6753    1.5231  0.00187  0.00346  0.00563
   0.99656  0.01707  0.02360  2.01387  0.001482  0.000433  0.010579    3.4197    1.5240  0.00176  0.00298  0.00539
   1.00032  0.01404  0.02138  2.04649  0.001264  0.000393  0.017612    3.2115    1.5282  0.00165  0.00259  0.00515
   1.00373  0.01138  0.01924  2.07944  0.001081  0.000356  0.026347    3.0400    1.5348  0.00154  0.00225  0.00491
   1.00685  0.00906  0.01715  2.11124  0.000927  0.000320  0.037013    2.8967    1.5430  0.00143  0.00196  0.00465
   1.00973  0.00704  0.01510  2.14001  0.000797  0.000287  0.049863    2.7751    1.5522  0.00132  0.00171  0.00437
   1.01240  0.00530  0.01308  2.16332  0.000688  0.000258  0.065099    2.6704    1.5620  0.00121  0.00149  0.00407
   1.01488  0.00381  0.01109  2.17793  0.000595  0.000231  0.082743    2.5794    1.5721  0.00109  0.00130  0.00375
   1.01722  0.00258  0.00911  2.17970  0.000518  0.000207  0.102417    2.5001    1.5822  0.00098  0.00113  0.00340
   1.01942  0.00159  0.00714  2.16365  0.000455  0.000187  0.123061    2.4315    1.5920  0.00088  0.00098  0.00302
   1.02150  0.00084  0.00520  2.12469  0.000405  0.000171  0.142697    2.3733    1.6012  0.00077  0.00086  0.00262
   1.02349  0.00034  0.00328  2.05908  0.000367  0.000158  0.158566    2.3262    1.6095  0.00067  0.00076  0.00222
   1.02539  0.00006  0.00140  1.96653  0.000340  0.000148  0.167416    2.2932    1.6161  0.00057  0.00067  0.00182
   1.02720  0.00001 -0.00042  1.85179  0.000321  0.000142  0.169467    2.2697    1.6213  0.00049  0.00060  0.00146
   1.02905  0.00016 -0.00225  1.71172  0.000308  0.000137  0.165644    2.2471    1.6263  0.00040  0.00053  0.00112
   1.03096  0.00056 -0.00413  1.54301  0.000301  0.000135  0.155286    2.2242    1.6314  0.00032  0.00046  0.00081
   1.03296  0.00122 -0.00601  1.35310  0.000302  0.000137  0.135032    2.2137    1.6346  0.00025  0.00041  0.00055
   1.03504  0.00215 -0.00788  1.15306  0.000310  0.000141  0.113345    2.1975    1.6376  0.00019  0.00036  0.00035
   1.03723  0.00334 -0.00971  0.95448  0.000328  0.000149  0.086496    2.2049    1.6393  0.00014  0.00031  0.00021
   1.03954  0.00480 -0.01150  0.76609  0.000347  0.000159  0.065844    2.1856    1.6365  0.00009  0.00027  0.00012
   1.04200  0.00653 -0.01325  0.59363  0.000381  0.000172  0.044619    2.2195    1.6446  0.00006  0.00023  0.00006
   1.04462  0.00853 -0.01495  0.43731  0.000405  0.000186  0.029892    2.1749    1.6198  0.00004  0.00018  0.00003
   1.04744  0.01081 -0.01661  0.29959  0.000455  0.000201  0.017251    2.2601    1.6697  0.00002  0.00014  0.00001
   1.05050  0.01339 -0.01825  0.17037  0.000423  0.000194  0.007602    2.1837    1.9344  0.00001  0.00007  0.00000
   1.05383  0.01631 -0.01986  0.06807  0.000705  0.000316  0.001046    2.2295    1.1857  0.00000  0.00005  0.00000
   1.05750  0.01960 -0.02147 -0.03302  0.000562  0.000252  0.004349    2.2295    1.6710  0.00000 -0.00002 -0.00000
   1.06156  0.02333 -0.02307 -0.12696  0.000625  0.000278  0.008565    2.2479    1.6199  0.00000 -0.00008 -0.00000
   1.06609  0.02757 -0.02468 -0.20533  0.000717  0.000317  0.010349    2.2600    1.6236  0.00001 -0.00015 -0.00000
   1.07120  0.03242 -0.02630 -0.28050  0.000754  0.000337  0.013369    2.2364    1.6331  0.00003 -0.00021 -0.00001
   1.07700  0.03798 -0.02793 -0.34719  0.000854  0.000373  0.013183    2.2915    1.6257  0.00004 -0.00030 -0.00003
   1.08362  0.04440 -0.02958 -0.40947  0.000912  0.000404  0.014959    2.2583    1.6299  0.00007 -0.00037 -0.00005
   1.09122  0.05181 -0.03124 -0.46641  0.001020  0.000443  0.014308    2.3007    1.6242  0.00010 -0.00048 -0.00007
   1.09993  0.06036 -0.03289 -0.51834  0.001107  0.000484  0.014728    2.2900    1.6246  0.00013 -0.00057 -0.00011
   1.10983  0.07013 -0.03449 -0.56544  0.001224  0.000529  0.014086    2.3119    1.6214  0.00017 -0.00069 -0.00016
   1.12094  0.08113 -0.03602 -0.60744  0.001337  0.000577  0.013741    2.3158    1.6200  0.00021 -0.00081 -0.00021
   1.13317  0.09329 -0.03741 -0.64438  0.001464  0.000629  0.013080    2.3285    1.6177  0.00026 -0.00094 -0.00027
   1.14637  0.10643 -0.03865 -0.67643  0.001591  0.000681  0.012489    2.3364    1.6159  0.00031 -0.00108 -0.00034
   1.16035  0.12037 -0.03971 -0.70396  0.001723  0.000735  0.011854    2.3455    1.6139  0.00036 -0.00121 -0.00041
   1.17492  0.13492 -0.04058 -0.72752  0.001854  0.000788  0.011263    2.3532    1.6121  0.00042 -0.00135 -0.00049
   1.18995  0.14993 -0.04126 -0.74767  0.001986  0.000841  0.010696    2.3607    1.6103  0.00047 -0.00148 -0.00057
   1.20532  0.16529 -0.04178 -0.76494  0.002116  0.000894  0.010172    2.3673    1.6087  0.00052 -0.00162 -0.00064
   1.22096  0.18092 -0.04213 -0.77991  0.002243  0.000945  0.009712    2.3721    1.6071  0.00058 -0.00175 -0.00072
   1.23681  0.19677 -0.04235 -0.79287  0.002368  0.000997  0.009268    2.3765    1.6051  0.00063 -0.00188 -0.00080
   1.25283  0.21279 -0.04244 -0.80426  0.002490  0.001046  0.008884    2.3792    1.6032  0.00068 -0.00200 -0.00087
   1.26900  0.22896 -0.04241 -0.81416  0.002611  0.001096  0.008499    2.3825    1.6011  0.00073 -0.00213 -0.00095
   1.28529  0.24525 -0.04228 -0.82306  0.002728  0.001144  0.008184    2.3841    1.5995  0.00078 -0.00224 -0.00102
   1.30169  0.26165 -0.04206 -0.83101  0.002842  0.001191  0.007888    2.3863    1.5980  0.00082 -0.00236 -0.00109
   1.31818  0.27814 -0.04176 -0.83824  0.002954  0.001236  0.007618    2.3895    1.5973  0.00087 -0.00248 -0.00116
   1.33476  0.29471 -0.04140 -0.84489  0.003059  0.001280  0.007400    2.3899    1.5965  0.00091 -0.00258 -0.00123
   1.35141  0.31136 -0.04097 -0.85091  0.003165  0.001323  0.007174    2.3911    1.5956  0.00096 -0.00269 -0.00130
   1.36813  0.32807 -0.04049 -0.85646  0.003266  0.001366  0.006972    2.3907    1.5943  0.00100 -0.00280 -0.00137
   1.38490  0.34483 -0.03997 -0.86185  0.003359  0.001406  0.006828    2.3887    1.5938  0.00104 -0.00289 -0.00143
   1.40172  0.36165 -0.03941 -0.86694  0.003451  0.001445  0.006677    2.3887    1.5939  0.00109 -0.00299 -0.00150
   1.41857  0.37849 -0.03882 -0.87196  0.003531  0.001481  0.006587    2.3837    1.5936  0.00113 -0.00308 -0.00156
   1.43543  0.39533 -0.03820 -0.87711  0.003599  0.001514  0.006545    2.3767    1.5941  0.00116 -0.00316 -0.00163
   1.45223  0.41212 -0.03756 -0.88219  0.003663  0.001546  0.006503    2.3689    1.5941  0.00120 -0.00323 -0.00169
   1.46900  0.42888 -0.03688 -0.88684  0.003739  0.001579  0.006398    2.3686    1.5936  0.00124 -0.00332 -0.00175
   1.48578  0.44564 -0.03614 -0.89120  0.003819  0.001611  0.006283    2.3704    1.5929  0.00128 -0.00340 -0.00182
   1.50257  0.46241 -0.03537 -0.89500  0.003908  0.001646  0.006125    2.3741    1.5912  0.00132 -0.00350 -0.00188
   1.51939  0.47921 -0.03455 -0.89857  0.003993  0.001680  0.005989    2.3776    1.5901  0.00136 -0.00359 -0.00194
   1.53623  0.49603 -0.03370 -0.90198  0.004076  0.001713  0.005872    2.3802    1.5891  0.00139 -0.00368 -0.00200
   1.55310  0.51287 -0.03282 -0.90518  0.004159  0.001745  0.005759    2.3833    1.5886  0.00143 -0.00376 -0.00206
   1.56999  0.52974 -0.03190 -0.90799  0.004245  0.001779  0.005627    2.3862    1.5872  0.00147 -0.00385 -0.00211
   1.58690  0.54662 -0.03096 -0.91077  0.004323  0.001811  0.005531    2.3869    1.5861  0.00150 -0.00394 -0.00217
   1.60383  0.56353 -0.03000 -0.91344  0.004400  0.001843  0.005442    2.3880    1.5855  0.00154 -0.00402 -0.00223
   1.62078  0.58045 -0.02902 -0.91607  0.004474  0.001873  0.005370    2.3881    1.5849  0.00157 -0.00410 -0.00228
   1.63774  0.59738 -0.02801 -0.91868  0.004543  0.001903  0.005311    2.3875    1.5844  0.00161 -0.00417 -0.00234
   1.65472  0.61433 -0.02699 -0.92121  0.004611  0.001932  0.005254    2.3873    1.5842  0.00164 -0.00425 -0.00239
   1.67172  0.63130 -0.02595 -0.92349  0.004683  0.001962  0.005177    2.3871    1.5831  0.00167 -0.00432 -0.00245
   1.68872  0.64827 -0.02490 -0.92584  0.004747  0.001990  0.005128    2.3850    1.5822  0.00171 -0.00440 -0.00250
   1.70574  0.66525 -0.02384 -0.92817  0.004809  0.002018  0.005086    2.3831    1.5816  0.00174 -0.00446 -0.00255
   1.72277  0.68225 -0.02277 -0.93057  0.004866  0.002044  0.005061    2.3802    1.5810  0.00177 -0.00453 -0.00260
   1.73980  0.69925 -0.02169 -0.93296  0.004922  0.002070  0.005037    2.3778    1.5806  0.00180 -0.00459 -0.00266
   1.75684  0.71625 -0.02060 -0.93534  0.004976  0.002094  0.005016    2.3758    1.5803  0.00183 -0.00465 -0.00271
   1.77389  0.73326 -0.01950 -0.93774  0.005027  0.002118  0.005002    2.3734    1.5800  0.00186 -0.00471 -0.00276
   1.79094  0.75027 -0.01839 -0.94009  0.005077  0.002144  0.004989    2.3686    1.5778  0.00189 -0.00477 -0.00281
   1.80799  0.76729 -0.01728 -0.94263  0.005121  0.002168  0.005000    2.3621    1.5753  0.00193 -0.00483 -0.00286
   1.82504  0.78430 -0.01616 -0.94533  0.005159  0.002191  0.005032    2.3545    1.5725  0.00196 -0.00488 -0.00291
   1.84209  0.80132 -0.01503 -0.94806  0.005199  0.002214  0.005057    2.3486    1.5697  0.00199 -0.00493 -0.00296
   1.85914  0.81833 -0.01390 -0.95097  0.005235  0.002234  0.005100    2.3431    1.5670  0.00202 -0.00498 -0.00301
   1.87618  0.83534 -0.01276 -0.95500  0.005238  0.002243  0.005263    2.3348    1.5676  0.00205 -0.00500 -0.00306
   1.89322  0.85233 -0.01162 -0.95892  0.005250  0.002253  0.005387    2.3298    1.5674  0.00207 -0.00503 -0.00311
   1.91023  0.86931 -0.01047 -0.96284  0.005266  0.002263  0.005485    2.3266    1.5670  0.00210 -0.00507 -0.00317
   1.92721  0.88624 -0.00931 -0.96667  0.005282  0.002273  0.005561    2.3236    1.5663  0.00212 -0.00511 -0.00322
   1.94411  0.90311 -0.00815 -0.97049  0.005290  0.002283  0.005651    2.3168    1.5645  0.00215 -0.00513 -0.00327
   1.96087  0.91982 -0.00699 -0.97441  0.005296  0.002293  0.005732    2.3092    1.5623  0.00218 -0.00516 -0.00331
   1.97732  0.93623 -0.00584 -0.97841  0.005281  0.002301  0.005864    2.2951    1.5591  0.00220 -0.00517 -0.00336
   1.99319  0.95207 -0.00472 -0.98316  0.005236  0.002302  0.006099    2.2746    1.5558  0.00223 -0.00515 -0.00340
   2.00805  0.96689 -0.00367 -0.98878  0.005165  0.002294  0.006430    2.2516    1.5538  0.00224 -0.00511 -0.00345
   2.02139  0.98019 -0.00271 -0.99530  0.005058  0.002274  0.006894    2.2239    1.5531  0.00225 -0.00503 -0.00348
   2.03285  0.99163 -0.00187 -1.00146  0.004960  0.002255  0.007325    2.1999    1.5517  0.00226 -0.00497 -0.00351
   2.04125  1.00000 -0.00126 -1.01169  0.004672  0.002191  0.008520    2.1326    1.5435  0.00224 -0.00473 -0.00350
   2.04125  1.00010 -0.00001  1.01132  0.095373  0.019577  0.000000    4.8716
   2.04963  1.00847 -0.00051  1.00817  0.082030  0.019997  0.000000    4.1022
   2.05919  1.01801 -0.00091  1.00518  0.079552  0.020347  0.000000    3.9097
   2.07007  1.02889 -0.00126  1.00097  0.075615  0.020834  0.000000    3.6293
   2.08247  1.04129 -0.00155  0.99583  0.072267  0.021424  0.000000    3.3733
   2.09659  1.05541 -0.00177  0.98869  0.067806  0.022241  0.000000    3.0488
   2.11268  1.07150 -0.00191  0.98354  0.062364  0.022724  0.000000    2.7445
   2.13102  1.08983 -0.00193  0.98024  0.061381  0.022984  0.000000    2.6706
   2.15190  1.11072 -0.00181  0.97544  0.060043  0.023431  0.000000    2.5625
   2.17570  1.13451 -0.00151  0.97100  0.057915  0.023810  0.000000    2.4324
   2.20281  1.16162 -0.00097  0.96952  0.053582  0.023814  0.000000    2.2500
   2.23369  1.19249 -0.00015  0.97207  0.047859  0.023377  0.000000    2.0473
   2.26888  1.22765  0.00103  0.96886  0.045587  0.023562  0.000000    1.9348
   2.30896  1.26771  0.00265  0.96380  0.044014  0.023920  0.000000    1.8401
   2.35463  1.31332  0.00482  0.95976  0.042084  0.024174  0.000000    1.7409
   2.40666  1.36527  0.00764  0.96074  0.039101  0.023936  0.000000    1.6336
   2.46593  1.42444  0.01127  0.96462  0.036020  0.023448  0.000000    1.5362
   2.53346  1.49181  0.01585  0.96918  0.033353  0.022941  0.000000    1.4539
   2.61039  1.56853  0.02160  0.97306  0.031171  0.022497  0.000000    1.3856
   2.69804  1.65588  0.02871  0.97660  0.029343  0.022114  0.000000    1.3269
   2.79789  1.75535  0.03747  0.97950  0.027812  0.021808  0.000000    1.2753
   2.91165  1.86861  0.04815  0.98214  0.026548  0.021545  0.000000    1.2322
   3.04125  1.99756  0.06111  0.98699  0.025276  0.021181  0.000000    1.1933
