#    s        x        y     Ue/Vinf    Dstar     Theta      Cf       H       H*        P         m          K          tau         Di
   0.00000  1.00000  0.00126  0.91055  0.016380  0.007340  0.000316    2.2316    1.5414  0.00609  0.01491  0.00854
   0.00837  0.99180  0.00295  0.91751  0.015331  0.007108  0.000372    2.1570    1.5511  0.00598  0.01407  0.00852
   0.01972  0.98067  0.00521  0.92796  0.014005  0.006782  0.000456    2.0652    1.5649  0.00584  0.01300  0.00848
   0.03284  0.96782  0.00778  0.94095  0.012656  0.006409  0.000559    1.9747    1.5808  0.00567  0.01191  0.00844
   0.04736  0.95357  0.01057  0.95607  0.011378  0.006015  0.000679    1.8915    1.5975  0.00550  0.01088  0.00840
   0.06282  0.93838  0.01349  0.97256  0.010234  0.005625  0.000811    1.8192    1.6140  0.00532  0.00995  0.00835
   0.07882  0.92265  0.01644  0.98965  0.009248  0.005259  0.000948    1.7586    1.6293  0.00515  0.00915  0.00830
   0.09511  0.90663  0.01939  1.00677  0.008414  0.004925  0.001085    1.7085    1.6430  0.00499  0.00847  0.00826
   0.11155  0.89046  0.02230  1.02354  0.007712  0.004625  0.001220    1.6675    1.6550  0.00485  0.00789  0.00821
   0.12806  0.87420  0.02515  1.03977  0.007118  0.004357  0.001351    1.6338    1.6655  0.00471  0.00740  0.00816
   0.14460  0.85789  0.02795  1.05539  0.006613  0.004118  0.001477    1.6059    1.6745  0.00459  0.00698  0.00811
   0.16116  0.84156  0.03068  1.07038  0.006177  0.003903  0.001598    1.5827    1.6824  0.00447  0.00661  0.00805
   0.17773  0.82520  0.03335  1.08479  0.005799  0.003709  0.001714    1.5632    1.6892  0.00437  0.00629  0.00800
   0.19431  0.80884  0.03596  1.09866  0.005465  0.003534  0.001826    1.5467    1.6951  0.00427  0.00600  0.00794
   0.21089  0.79245  0.03851  1.11206  0.005169  0.003373  0.001934    1.5325    1.7003  0.00417  0.00575  0.00789
   0.22746  0.77606  0.04099  1.12504  0.004903  0.003225  0.002038    1.5204    1.7049  0.00408  0.00552  0.00783
   0.24404  0.75966  0.04340  1.13766  0.004661  0.003087  0.002139    1.5099    1.7089  0.00400  0.00530  0.00777
   0.26062  0.74326  0.04576  1.14999  0.004441  0.002959  0.002237    1.5007    1.7124  0.00391  0.00511  0.00771
   0.27719  0.72684  0.04804  1.16207  0.004238  0.002839  0.002334    1.4926    1.7156  0.00383  0.00492  0.00764
   0.29375  0.71043  0.05026  1.17394  0.004050  0.002726  0.002429    1.4855    1.7184  0.00376  0.00475  0.00758
   0.31031  0.69401  0.05242  1.18566  0.003874  0.002619  0.002523    1.4793    1.7210  0.00368  0.00459  0.00751
   0.32687  0.67758  0.05450  1.19725  0.003709  0.002517  0.002616    1.4737    1.7233  0.00361  0.00444  0.00744
   0.34341  0.66116  0.05652  1.20875  0.003554  0.002420  0.002709    1.4687    1.7253  0.00354  0.00430  0.00737
   0.35995  0.64474  0.05847  1.22020  0.003407  0.002327  0.002801    1.4642    1.7272  0.00346  0.00416  0.00730
   0.37648  0.62832  0.06035  1.23163  0.003267  0.002238  0.002894    1.4602    1.7289  0.00339  0.00402  0.00723
   0.39299  0.61191  0.06215  1.24307  0.003134  0.002152  0.002988    1.4566    1.7304  0.00332  0.00390  0.00715
   0.40949  0.59550  0.06388  1.25454  0.003006  0.002069  0.003082    1.4533    1.7319  0.00326  0.00377  0.00707
   0.42598  0.57909  0.06553  1.26607  0.002884  0.001988  0.003178    1.4503    1.7331  0.00319  0.00365  0.00699
   0.44245  0.56270  0.06711  1.27769  0.002766  0.001911  0.003275    1.4476    1.7343  0.00312  0.00353  0.00691
   0.45890  0.54631  0.06860  1.28942  0.002652  0.001835  0.003375    1.4452    1.7354  0.00305  0.00342  0.00683
   0.47533  0.52994  0.07002  1.30131  0.002541  0.001761  0.003477    1.4429    1.7365  0.00298  0.00331  0.00674
   0.49174  0.51358  0.07135  1.31337  0.002434  0.001690  0.003582    1.4407    1.7374  0.00291  0.00320  0.00665
   0.50813  0.49724  0.07259  1.32564  0.002330  0.001620  0.003691    1.4387    1.7384  0.00285  0.00309  0.00656
   0.52450  0.48092  0.07374  1.33817  0.002228  0.001551  0.003804    1.4368    1.7393  0.00278  0.00298  0.00646
   0.54083  0.46462  0.07480  1.35101  0.002129  0.001484  0.003923    1.4348    1.7402  0.00271  0.00288  0.00637
   0.55713  0.44834  0.07576  1.36421  0.002031  0.001418  0.004049    1.4328    1.7411  0.00264  0.00277  0.00627
   0.57339  0.43211  0.07663  1.37788  0.001935  0.001353  0.004184    1.4306    1.7422  0.00257  0.00267  0.00616
   0.58960  0.41592  0.07738  1.39214  0.001839  0.001288  0.004330    1.4280    1.7434  0.00250  0.00256  0.00606
   0.60571  0.39982  0.07804  1.40769  0.001740  0.001222  0.004502    1.4241    1.7452  0.00242  0.00245  0.00595
   0.62170  0.38384  0.07856  1.42351  0.001645  0.001158  0.004684    1.4201    1.7471  0.00235  0.00234  0.00584
   0.63761  0.36794  0.07893  1.43836  0.001559  0.001100  0.004852    1.4176    1.7483  0.00228  0.00224  0.00572
   0.65345  0.35210  0.07916  1.45307  0.001477  0.001044  0.005021    1.4156    1.7493  0.00220  0.00215  0.00560
   0.66923  0.33632  0.07922  1.46772  0.001400  0.000990  0.005190    1.4141    1.7501  0.00213  0.00205  0.00548
   0.68496  0.32059  0.07913  1.48242  0.001325  0.000938  0.005363    1.4129    1.7508  0.00206  0.00196  0.00535
   0.70063  0.30492  0.07888  1.49724  0.001254  0.000888  0.005541    1.4120    1.7513  0.00199  0.00188  0.00522
   0.71624  0.28931  0.07846  1.51227  0.001184  0.000839  0.005724    1.4115    1.7518  0.00192  0.00179  0.00508
   0.73180  0.27377  0.07787  1.52755  0.001117  0.000792  0.005913    1.4112    1.7521  0.00185  0.00171  0.00494
   0.74728  0.25831  0.07709  1.54317  0.001052  0.000745  0.006111    1.4113    1.7523  0.00177  0.00162  0.00480
   0.76269  0.24293  0.07614  1.55919  0.000988  0.000700  0.006318    1.4116    1.7524  0.00170  0.00154  0.00465
   0.77801  0.22765  0.07499  1.57570  0.000926  0.000655  0.006536    1.4122    1.7524  0.00163  0.00146  0.00449
   0.79324  0.21248  0.07364  1.59280  0.000865  0.000612  0.006767    1.4132    1.7523  0.00155  0.00138  0.00433
   0.80835  0.19745  0.07210  1.61060  0.000805  0.000569  0.007013    1.4145    1.7520  0.00148  0.00130  0.00417
   0.82334  0.18256  0.07034  1.62925  0.000747  0.000527  0.007278    1.4162    1.7517  0.00140  0.00122  0.00399
   0.83818  0.16785  0.06837  1.64892  0.000689  0.000486  0.007564    1.4183    1.7512  0.00132  0.00114  0.00382
   0.85283  0.15336  0.06618  1.66981  0.000633  0.000445  0.007876    1.4208    1.7506  0.00124  0.00106  0.00363
   0.86726  0.13914  0.06378  1.69214  0.000577  0.000406  0.008220    1.4239    1.7499  0.00116  0.00098  0.00344
   0.88139  0.12525  0.06115  1.71618  0.000523  0.000366  0.008603    1.4275    1.7491  0.00108  0.00090  0.00324
   0.89514  0.11179  0.05832  1.74222  0.000470  0.000328  0.009034    1.4317    1.7481  0.00100  0.00082  0.00303
   0.90840  0.09889  0.05531  1.77050  0.000418  0.000291  0.009523    1.4364    1.7471  0.00091  0.00074  0.00282
   0.92101  0.08668  0.05215  1.80124  0.000369  0.000256  0.010085    1.4415    1.7462  0.00083  0.00066  0.00261
   0.93281  0.07533  0.04890  1.83447  0.000321  0.000222  0.010741    1.4465    1.7456  0.00075  0.00059  0.00239
   0.94366  0.06499  0.04563  1.87007  0.000277  0.000191  0.011519    1.4506    1.7456  0.00067  0.00052  0.00218
   0.95345  0.05575  0.04241  1.90769  0.000236  0.000162  0.012466    1.4522    1.7470  0.00059  0.00045  0.00197
   0.96216  0.04761  0.03929  1.94683  0.000198  0.000137  0.013648    1.4498    1.7505  0.00052  0.00039  0.00176
   0.96984  0.04054  0.03631  1.98687  0.000164  0.000114  0.015124    1.4430    1.7561  0.00045  0.00033  0.00156
   0.97658  0.03441  0.03349  2.02689  0.000134  0.000093  0.016775    1.4386    1.7616  0.00038  0.00027  0.00137
   0.98251  0.02911  0.03083  2.06613  0.000112  0.000075  0.017386    1.4773    1.7515  0.00032  0.00023  0.00117
   0.98774  0.02453  0.02830  2.10615  0.000106  0.000062  0.012983    1.7140    1.6830  0.00027  0.00022  0.00097
   0.99240  0.02055  0.02589  2.16977  0.000139  0.000051  0.002959    2.7219    1.5381  0.00024  0.00030  0.00080
   0.99656  0.01707  0.02360  2.24005  0.000169  0.000043 -0.000158    3.9482    1.5282  0.00021  0.00038  0.00073
   1.00032  0.01404  0.02138  2.27313  0.000147  0.000039  0.000125    3.7578    1.5290  0.00020  0.00034  0.00070
   1.00373  0.01138  0.01924  2.31024  0.000122  0.000036  0.001011    3.4199    1.5332  0.00019  0.00028  0.00067
   1.00685  0.00906  0.01715  2.35051  0.000101  0.000032  0.002366    3.1378    1.5410  0.00018  0.00024  0.00064
   1.00973  0.00704  0.01510  2.39026  0.000084  0.000029  0.004053    2.9309    1.5504  0.00016  0.00020  0.00061
   1.01240  0.00530  0.01308  2.42569  0.000071  0.000026  0.006055    2.7744    1.5603  0.00015  0.00017  0.00057
   1.01488  0.00381  0.01109  2.45278  0.000061  0.000023  0.008386    2.6502    1.5701  0.00014  0.00015  0.00053
   1.01722  0.00258  0.00911  2.46670  0.000052  0.000020  0.011024    2.5485    1.5797  0.00012  0.00013  0.00048
   1.01942  0.00159  0.00714  2.46159  0.000045  0.000018  0.013860    2.4641    1.5889  0.00011  0.00011  0.00044
   1.02150  0.00084  0.00520  2.43129  0.000040  0.000017  0.016659    2.3945    1.5974  0.00010  0.00010  0.00038
   1.02349  0.00034  0.00328  2.37075  0.000036  0.000015  0.019100    2.3376    1.6049  0.00009  0.00009  0.00033
   1.02539  0.00006  0.00140  2.27845  0.000033  0.000014  0.020643    2.2984    1.6105  0.00007  0.00008  0.00027
   1.02720  0.00001 -0.00042  2.16072  0.000031  0.000014  0.021096    2.2774    1.6136  0.00006  0.00007  0.00022
   1.02905  0.00016 -0.00225  2.01661  0.000030  0.000013  0.021180    2.2502    1.6178  0.00005  0.00006  0.00018
   1.03096  0.00056 -0.00413  1.83917  0.000029  0.000013  0.020268    2.2264    1.6216  0.00004  0.00005  0.00013
   1.03296  0.00122 -0.00601  1.63595  0.000029  0.000013  0.018299    2.2091    1.6244  0.00004  0.00005  0.00009
   1.03504  0.00215 -0.00788  1.41909  0.000030  0.000014  0.015612    2.1977    1.6263  0.00003  0.00004  0.00006
   1.03723  0.00334 -0.00971  1.20203  0.000031  0.000014  0.012638    2.1926    1.6271  0.00002  0.00004  0.00004
   1.03954  0.00480 -0.01150  0.99505  0.000034  0.000015  0.009824    2.1899    1.6276  0.00002  0.00003  0.00002
   1.04200  0.00653 -0.01325  0.80419  0.000036  0.000017  0.007318    2.1935    1.6270  0.00001  0.00003  0.00001
   1.04462  0.00853 -0.01495  0.63157  0.000039  0.000018  0.005294    2.1938    1.6269  0.00001  0.00002  0.00001
   1.04744  0.01081 -0.01661  0.47712  0.000043  0.000020  0.003618    2.2043    1.6252  0.00000  0.00002  0.00000
   1.05050  0.01339 -0.01825  0.33922  0.000047  0.000021  0.002365    2.2027    1.6254  0.00000  0.00002  0.00000
   1.05383  0.01631 -0.01986  0.21613  0.000052  0.000023  0.001345    2.2191    1.6227  0.00000  0.00001  0.00000
   1.05750  0.01960 -0.02147  0.10558  0.000055  0.000025  0.000612    2.2270    1.6215  0.00000  0.00001  0.00000
   1.06156  0.02333 -0.02307  0.00604  0.000065  0.000029  0.000030    2.2295    1.6211  0.00000  0.00000  0.00000
   1.06609  0.02757 -0.02468 -0.08423  0.000065  0.000029  0.000414    2.2295    1.6211  0.00000 -0.00001 -0.00000
   1.07120  0.03242 -0.02630 -0.16676  0.000075  0.000033  0.000685    2.2668    1.6152  0.00000 -0.00001 -0.00000
   1.07700  0.03798 -0.02793 -0.24212  0.000081  0.000036  0.000957    2.2353    1.6201  0.00000 -0.00002 -0.00000
   1.08362  0.04440 -0.02958 -0.31161  0.000090  0.000040  0.001058    2.2793    1.6133  0.00000 -0.00003 -0.00000
   1.09122  0.05181 -0.03124 -0.37522  0.000098  0.000043  0.001192    2.2635    1.6157  0.00001 -0.00004 -0.00000
   1.09993  0.06036 -0.03289 -0.43355  0.000108  0.000047  0.001210    2.2909    1.6116  0.00001 -0.00005 -0.00001
   1.10983  0.07013 -0.03449 -0.48623  0.000118  0.000052  0.001242    2.2904    1.6117  0.00001 -0.00006 -0.00001
   1.12094  0.08113 -0.03602 -0.53338  0.000130  0.000057  0.001219    2.3064    1.6093  0.00002 -0.00007 -0.00001
   1.13317  0.09329 -0.03741 -0.57482  0.000142  0.000062  0.001195    2.3136    1.6083  0.00002 -0.00008 -0.00002
   1.14637  0.10643 -0.03865 -0.61081  0.000155  0.000067  0.001153    2.3245    1.6067  0.00002 -0.00009 -0.00002
   1.16035  0.12037 -0.03971 -0.64173  0.000168  0.000072  0.001108    2.3334    1.6055  0.00003 -0.00011 -0.00003
   1.17492  0.13492 -0.04058 -0.66820  0.000181  0.000077  0.001061    2.3424    1.6043  0.00003 -0.00012 -0.00004
   1.18995  0.14993 -0.04126 -0.69086  0.000194  0.000083  0.001015    2.3508    1.6031  0.00004 -0.00013 -0.00004
   1.20532  0.16529 -0.04178 -0.71032  0.000207  0.000088  0.000971    2.3587    1.6021  0.00004 -0.00015 -0.00005
   1.22096  0.18092 -0.04213 -0.72711  0.000220  0.000093  0.000929    2.3661    1.6011  0.00005 -0.00016 -0.00006
   1.23681  0.19677 -0.04235 -0.74169  0.000233  0.000098  0.000890    2.3731    1.6001  0.00005 -0.00017 -0.00006
   1.25283  0.21279 -0.04244 -0.75443  0.000245  0.000103  0.000854    2.3796    1.5993  0.00006 -0.00019 -0.00007
   1.26900  0.22896 -0.04241 -0.76565  0.000258  0.000108  0.000820    2.3856    1.5985  0.00006 -0.00020 -0.00008
   1.28529  0.24525 -0.04228 -0.77559  0.000270  0.000113  0.000789    2.3912    1.5978  0.00007 -0.00021 -0.00008
   1.30169  0.26165 -0.04206 -0.78446  0.000282  0.000117  0.000761    2.3962    1.5971  0.00007 -0.00022 -0.00009
   1.31818  0.27814 -0.04176 -0.79245  0.000293  0.000122  0.000735    2.4007    1.5966  0.00008 -0.00023 -0.00010
   1.33476  0.29471 -0.04140 -0.79970  0.000304  0.000127  0.000712    2.4045    1.5961  0.00008 -0.00024 -0.00010
   1.35141  0.31136 -0.04097 -0.80635  0.000315  0.000131  0.000691    2.4075    1.5957  0.00009 -0.00025 -0.00011
   1.36813  0.32807 -0.04049 -0.81251  0.000326  0.000135  0.000672    2.4097    1.5954  0.00009 -0.00026 -0.00012
   1.38490  0.34483 -0.03997 -0.81829  0.000336  0.000139  0.000656    2.4108    1.5953  0.00009 -0.00027 -0.00012
   1.40172  0.36165 -0.03941 -0.82381  0.000345  0.000143  0.000643    2.4105    1.5953  0.00010 -0.00028 -0.00013
   1.41857  0.37849 -0.03882 -0.82920  0.000354  0.000147  0.000633    2.4081    1.5956  0.00010 -0.00029 -0.00013
   1.43543  0.39533 -0.03820 -0.83487  0.000360  0.000150  0.000631    2.3992    1.5968  0.00010 -0.00030 -0.00014
   1.45223  0.41212 -0.03756 -0.84087  0.000365  0.000153  0.000635    2.3869    1.5983  0.00011 -0.00031 -0.00015
   1.46900  0.42888 -0.03688 -0.84570  0.000375  0.000156  0.000617    2.3954    1.5972  0.00011 -0.00032 -0.00015
   1.48578  0.44564 -0.03614 -0.84996  0.000385  0.000160  0.000598    2.4049    1.5960  0.00012 -0.00033 -0.00016
   1.50257  0.46241 -0.03537 -0.85379  0.000395  0.000164  0.000581    2.4135    1.5950  0.00012 -0.00034 -0.00016
   1.51939  0.47921 -0.03455 -0.85728  0.000405  0.000167  0.000565    2.4206    1.5941  0.00012 -0.00035 -0.00017
   1.53623  0.49603 -0.03370 -0.86050  0.000414  0.000171  0.000550    2.4264    1.5934  0.00013 -0.00036 -0.00017
   1.55310  0.51287 -0.03282 -0.86349  0.000424  0.000174  0.000537    2.4312    1.5928  0.00013 -0.00037 -0.00018
   1.56999  0.52974 -0.03190 -0.86630  0.000433  0.000178  0.000526    2.4351    1.5923  0.00013 -0.00037 -0.00018
   1.58690  0.54662 -0.03096 -0.86894  0.000442  0.000181  0.000515    2.4383    1.5919  0.00014 -0.00038 -0.00019
   1.60383  0.56353 -0.03000 -0.87144  0.000450  0.000185  0.000505    2.4409    1.5916  0.00014 -0.00039 -0.00019
   1.62078  0.58045 -0.02902 -0.87382  0.000459  0.000188  0.000496    2.4430    1.5914  0.00014 -0.00040 -0.00020
   1.63774  0.59738 -0.02801 -0.87610  0.000467  0.000191  0.000488    2.4446    1.5912  0.00015 -0.00041 -0.00020
   1.65472  0.61433 -0.02699 -0.87829  0.000475  0.000194  0.000480    2.4459    1.5910  0.00015 -0.00042 -0.00021
   1.67172  0.63130 -0.02595 -0.88041  0.000483  0.000197  0.000473    2.4468    1.5909  0.00015 -0.00043 -0.00021
   1.68872  0.64827 -0.02490 -0.88246  0.000491  0.000201  0.000466    2.4473    1.5909  0.00016 -0.00043 -0.00022
   1.70574  0.66525 -0.02384 -0.88446  0.000498  0.000204  0.000460    2.4476    1.5908  0.00016 -0.00044 -0.00022
   1.72277  0.68225 -0.02277 -0.88640  0.000505  0.000207  0.000455    2.4476    1.5908  0.00016 -0.00045 -0.00023
   1.73980  0.69925 -0.02169 -0.88831  0.000513  0.000209  0.000449    2.4475    1.5909  0.00017 -0.00046 -0.00023
   1.75684  0.71625 -0.02060 -0.89017  0.000519  0.000212  0.000445    2.4471    1.5909  0.00017 -0.00046 -0.00024
   1.77389  0.73326 -0.01950 -0.89200  0.000526  0.000215  0.000440    2.4466    1.5909  0.00017 -0.00047 -0.00024
   1.79094  0.75027 -0.01839 -0.89380  0.000533  0.000218  0.000436    2.4461    1.5910  0.00017 -0.00048 -0.00025
   1.80799  0.76729 -0.01728 -0.89556  0.000539  0.000221  0.000432    2.4455    1.5911  0.00018 -0.00048 -0.00025
   1.82504  0.78430 -0.01616 -0.89729  0.000546  0.000223  0.000428    2.4450    1.5911  0.00018 -0.00049 -0.00026
   1.84209  0.80132 -0.01503 -0.89898  0.000552  0.000226  0.000424    2.4446    1.5912  0.00018 -0.00050 -0.00026
   1.85914  0.81833 -0.01390 -0.90062  0.000558  0.000228  0.000420    2.4445    1.5912  0.00019 -0.00050 -0.00027
   1.87618  0.83534 -0.01276 -0.90220  0.000565  0.000231  0.000415    2.4448    1.5912  0.00019 -0.00051 -0.00027
   1.89322  0.85233 -0.01162 -0.90372  0.000571  0.000234  0.000411    2.4457    1.5911  0.00019 -0.00052 -0.00027
   1.91023  0.86931 -0.01047 -0.90514  0.000578  0.000236  0.000406    2.4473    1.5909  0.00019 -0.00052 -0.00028
   1.92721  0.88624 -0.00931 -0.90644  0.000585  0.000239  0.000401    2.4501    1.5905  0.00020 -0.00053 -0.00028
   1.94411  0.90311 -0.00815 -0.90759  0.000593  0.000242  0.000394    2.4545    1.5900  0.00020 -0.00054 -0.00029
   1.96087  0.91982 -0.00699 -0.90852  0.000602  0.000244  0.000386    2.4612    1.5892  0.00020 -0.00055 -0.00029
   1.97732  0.93623 -0.00584 -0.90914  0.000612  0.000247  0.000376    2.4716    1.5880  0.00020 -0.00056 -0.00030
   1.99319  0.95207 -0.00472 -0.90934  0.000624  0.000251  0.000363    2.4871    1.5863  0.00021 -0.00057 -0.00030
   2.00805  0.96689 -0.00367 -0.90891  0.000639  0.000254  0.000345    2.5118    1.5836  0.00021 -0.00058 -0.00030
   2.02139  0.98019 -0.00271 -0.90798  0.000657  0.000258  0.000324    2.5430    1.5803  0.00021 -0.00060 -0.00031
   2.03285  0.99163 -0.00187 -0.90511  0.000693  0.000264  0.000280    2.6222    1.5726  0.00022 -0.00063 -0.00031
   2.04125  1.00000 -0.00126 -0.91055  0.000642  0.000259  0.000534    2.4804    1.5371  0.00021 -0.00058 -0.00030
   2.04125  1.00010 -0.00001  0.91055  0.019512  0.007599  0.000000    2.5678
   2.04963  1.00847 -0.00051  0.90221  0.018605  0.007917  0.000000    2.3500
   2.05919  1.01801 -0.00091  0.90403  0.017440  0.007849  0.000000    2.2219
   2.07007  1.02889 -0.00126  0.90677  0.016281  0.007751  0.000000    2.1006
   2.08247  1.04129 -0.00155  0.91042  0.015152  0.007626  0.000000    1.9868
   2.09659  1.05541 -0.00177  0.91487  0.014075  0.007481  0.000000    1.8814
   2.11268  1.07150 -0.00191  0.91997  0.013069  0.007323  0.000000    1.7845
   2.13102  1.08983 -0.00193  0.92550  0.012146  0.007161  0.000000    1.6961
   2.15190  1.11072 -0.00181  0.93123  0.011313  0.007001  0.000000    1.6158
   2.17570  1.13451 -0.00151  0.93697  0.010567  0.006849  0.000000    1.5429
   2.20281  1.16162 -0.00097  0.94258  0.009906  0.006707  0.000000    1.4769
   2.23369  1.19249 -0.00015  0.94794  0.009321  0.006577  0.000000    1.4172
   2.26888  1.22765  0.00103  0.95301  0.008805  0.006459  0.000000    1.3632
   2.30896  1.26771  0.00265  0.95776  0.008351  0.006353  0.000000    1.3146
   2.35463  1.31332  0.00482  0.96218  0.007953  0.006257  0.000000    1.2711
   2.40666  1.36527  0.00764  0.96628  0.007605  0.006171  0.000000    1.2323
   2.46593  1.42444  0.01127  0.97006  0.007300  0.006094  0.000000    1.1979
   2.53346  1.49181  0.01585  0.97353  0.007036  0.006026  0.000000    1.1678
   2.61039  1.56853  0.02160  0.97670  0.006809  0.005964  0.000000    1.1416
   2.69804  1.65588  0.02871  0.97959  0.006614  0.005909  0.000000    1.1192
   2.79789  1.75535  0.03747  0.98220  0.006448  0.005860  0.000000    1.1002
   2.91165  1.86861  0.04815  0.98454  0.006308  0.005817  0.000000    1.0843
   3.04125  1.99756  0.06111  0.98701  0.006183  0.005773  0.000000    1.0710
