#    s        x        y     Ue/Vinf    Dstar     Theta      Cf       H       H*        P         m          K          tau         Di
   0.00000  1.00000  0.00126  0.88033  0.003097  0.002040  0.000897    1.5181    1.7044  0.00158  0.00273  0.00237
   0.00837  0.99180  0.00295  0.90021  0.002782  0.001882  0.001020    1.4785    1.7197  0.00152  0.00250  0.00236
   0.01972  0.98067  0.00521  0.92446  0.002459  0.001709  0.001173    1.4383    1.7362  0.00146  0.00227  0.00234
   0.03284  0.96782  0.00778  0.94614  0.002213  0.001570  0.001310    1.4096    1.7487  0.00141  0.00209  0.00233
   0.04736  0.95357  0.01057  0.96536  0.002022  0.001456  0.001432    1.3888    1.7581  0.00136  0.00195  0.00230
   0.06282  0.93838  0.01349  0.98218  0.001870  0.001361  0.001539    1.3736    1.7651  0.00131  0.00184  0.00228
   0.07882  0.92265  0.01644  0.99691  0.001747  0.001282  0.001633    1.3624    1.7704  0.00127  0.00174  0.00225
   0.09511  0.90663  0.01939  1.00995  0.001644  0.001214  0.001716    1.3539    1.7745  0.00124  0.00166  0.00222
   0.11155  0.89046  0.02230  1.02163  0.001556  0.001155  0.001790    1.3473    1.7777  0.00121  0.00159  0.00219
   0.12806  0.87420  0.02515  1.03223  0.001478  0.001101  0.001858    1.3421    1.7802  0.00117  0.00153  0.00216
   0.14460  0.85789  0.02795  1.04194  0.001409  0.001053  0.001921    1.3380    1.7823  0.00114  0.00147  0.00212
   0.16116  0.84156  0.03068  1.05094  0.001346  0.001009  0.001980    1.3346    1.7839  0.00111  0.00141  0.00209
   0.17773  0.82520  0.03335  1.05935  0.001289  0.000968  0.002035    1.3319    1.7853  0.00109  0.00137  0.00205
   0.19431  0.80884  0.03596  1.06727  0.001235  0.000929  0.002088    1.3297    1.7864  0.00106  0.00132  0.00202
   0.21089  0.79245  0.03851  1.07477  0.001185  0.000892  0.002139    1.3278    1.7873  0.00103  0.00127  0.00198
   0.22746  0.77606  0.04099  1.08192  0.001138  0.000858  0.002188    1.3263    1.7881  0.00100  0.00123  0.00194
   0.24404  0.75966  0.04340  1.08878  0.001093  0.000825  0.002235    1.3251    1.7887  0.00098  0.00119  0.00190
   0.26062  0.74326  0.04576  1.09538  0.001049  0.000793  0.002282    1.3241    1.7893  0.00095  0.00115  0.00186
   0.27719  0.72684  0.04804  1.10175  0.001008  0.000762  0.002327    1.3233    1.7897  0.00092  0.00111  0.00182
   0.29375  0.71043  0.05026  1.10794  0.000968  0.000732  0.002373    1.3227    1.7900  0.00090  0.00107  0.00178
   0.31031  0.69401  0.05242  1.11396  0.000930  0.000703  0.002417    1.3223    1.7902  0.00087  0.00104  0.00174
   0.32687  0.67758  0.05450  1.11985  0.000892  0.000675  0.002462    1.3220    1.7904  0.00085  0.00100  0.00170
   0.34341  0.66116  0.05652  1.12560  0.000855  0.000647  0.002507    1.3218    1.7905  0.00082  0.00096  0.00165
   0.35995  0.64474  0.05847  1.13126  0.000820  0.000620  0.002552    1.3218    1.7906  0.00079  0.00093  0.00161
   0.37648  0.62832  0.06035  1.13682  0.000785  0.000594  0.002598    1.3219    1.7906  0.00077  0.00089  0.00156
   0.39299  0.61191  0.06215  1.14231  0.000751  0.000568  0.002644    1.3220    1.7905  0.00074  0.00086  0.00152
   0.40949  0.59550  0.06388  1.14773  0.000717  0.000542  0.002690    1.3223    1.7904  0.00071  0.00082  0.00147
   0.42598  0.57909  0.06553  1.15310  0.000684  0.000517  0.002738    1.3227    1.7902  0.00069  0.00079  0.00142
   0.44245  0.56270  0.06711  1.15843  0.000652  0.000492  0.002786    1.3233    1.7900  0.00066  0.00075  0.00137
   0.45890  0.54631  0.06860  1.16373  0.000620  0.000468  0.002836    1.3239    1.7897  0.00063  0.00072  0.00132
   0.47533  0.52994  0.07002  1.16900  0.000588  0.000444  0.002887    1.3247    1.7893  0.00061  0.00069  0.00127
   0.49174  0.51358  0.07135  1.17426  0.000557  0.000420  0.002940    1.3256    1.7889  0.00058  0.00065  0.00122
   0.50813  0.49724  0.07259  1.17953  0.000526  0.000396  0.002994    1.3268    1.7885  0.00055  0.00062  0.00116
   0.52450  0.48092  0.07374  1.18482  0.000495  0.000373  0.003051    1.3281    1.7878  0.00052  0.00059  0.00111
   0.54083  0.46462  0.07480  1.19016  0.000465  0.000350  0.003109    1.3297    1.7871  0.00050  0.00055  0.00105
   0.55713  0.44834  0.07576  1.19557  0.000435  0.000327  0.003171    1.3315    1.7863  0.00047  0.00052  0.00100
   0.57339  0.43211  0.07663  1.20115  0.000405  0.000304  0.003237    1.3336    1.7853  0.00044  0.00049  0.00094
   0.58960  0.41592  0.07738  1.20694  0.000375  0.000281  0.003309    1.3358    1.7844  0.00041  0.00045  0.00088
   0.60571  0.39982  0.07804  1.21383  0.000344  0.000257  0.003402    1.3369    1.7839  0.00038  0.00042  0.00082
   0.62170  0.38384  0.07856  1.22062  0.000313  0.000234  0.003504    1.3378    1.7836  0.00035  0.00038  0.00076
   0.63761  0.36794  0.07893  1.22581  0.000284  0.000212  0.003596    1.3400    1.7827  0.00032  0.00035  0.00070
   0.65345  0.35210  0.07916  1.23048  0.000255  0.000190  0.003692    1.3429    1.7815  0.00029  0.00031  0.00063
   0.66923  0.33632  0.07922  1.23462  0.000227  0.000169  0.003793    1.3467    1.7799  0.00026  0.00028  0.00057
   0.68496  0.32059  0.07913  1.23829  0.000199  0.000147  0.003904    1.3515    1.7780  0.00023  0.00025  0.00050
   0.70063  0.30492  0.07888  1.24148  0.000171  0.000126  0.004038    1.3561    1.7762  0.00019  0.00021  0.00043
   0.71624  0.28931  0.07846  1.24408  0.000141  0.000104  0.004247    1.3558    1.7771  0.00016  0.00018  0.00036
   0.73180  0.27377  0.07787  1.24568  0.000109  0.000081  0.004621    1.3439    1.7838  0.00013  0.00014  0.00028
   0.74728  0.25831  0.07709  1.24653  0.000083  0.000059  0.004472    1.4127    1.7544  0.00009  0.00010  0.00020
   0.76269  0.24293  0.07614  1.24875  0.000081  0.000043  0.002165    1.8864    1.6098  0.00007  0.00010  0.00013
   0.77801  0.22765  0.07499  1.25214  0.000097  0.000038  0.000297    2.5627    1.5783  0.00006  0.00012  0.00012
   0.79324  0.21248  0.07364  1.25216  0.000093  0.000036  0.000312    2.5553    1.5791  0.00006  0.00012  0.00011
   0.80835  0.19745  0.07210  1.25195  0.000088  0.000035  0.000331    2.5436    1.5802  0.00005  0.00011  0.00011
   0.82334  0.18256  0.07034  1.25114  0.000084  0.000033  0.000353    2.5320    1.5814  0.00005  0.00011  0.00010
   0.83818  0.16785  0.06837  1.24957  0.000080  0.000032  0.000375    2.5211    1.5826  0.00005  0.00010  0.00010
   0.85283  0.15336  0.06618  1.24715  0.000076  0.000030  0.000400    2.5108    1.5837  0.00005  0.00009  0.00009
   0.86726  0.13914  0.06378  1.24378  0.000071  0.000029  0.000427    2.5012    1.5847  0.00004  0.00009  0.00009
   0.88139  0.12525  0.06115  1.23933  0.000067  0.000027  0.000456    2.4921    1.5857  0.00004  0.00008  0.00008
   0.89514  0.11179  0.05832  1.23365  0.000063  0.000025  0.000488    2.4833    1.5867  0.00004  0.00008  0.00008
   0.90840  0.09889  0.05531  1.22662  0.000059  0.000024  0.000524    2.4748    1.5877  0.00004  0.00007  0.00007
   0.92101  0.08668  0.05215  1.21807  0.000055  0.000022  0.000564    2.4664    1.5886  0.00003  0.00007  0.00006
   0.93281  0.07533  0.04890  1.20791  0.000051  0.000021  0.000609    2.4580    1.5896  0.00003  0.00006  0.00006
   0.94366  0.06499  0.04563  1.19604  0.000047  0.000019  0.000658    2.4493    1.5906  0.00003  0.00006  0.00005
   0.95345  0.05575  0.04241  1.18244  0.000043  0.000018  0.000712    2.4404    1.5917  0.00002  0.00005  0.00005
   0.96216  0.04761  0.03929  1.16706  0.000040  0.000016  0.000771    2.4311    1.5928  0.00002  0.00005  0.00004
   0.96984  0.04054  0.03631  1.14983  0.000037  0.000015  0.000833    2.4213    1.5940  0.00002  0.00004  0.00004
   0.97658  0.03441  0.03349  1.13062  0.000034  0.000014  0.000900    2.4112    1.5953  0.00002  0.00004  0.00003
   0.98251  0.02911  0.03083  1.10918  0.000031  0.000013  0.000971    2.4004    1.5966  0.00002  0.00003  0.00003
   0.98774  0.02453  0.02830  1.08515  0.000029  0.000012  0.001046    2.3891    1.5981  0.00001  0.00003  0.00002
   0.99240  0.02055  0.02589  1.05803  0.000026  0.000011  0.001124    2.3773    1.5996  0.00001  0.00003  0.00002
   0.99656  0.01707  0.02360  1.02719  0.000024  0.000010  0.001204    2.3649    1.6012  0.00001  0.00002  0.00002
   1.00032  0.01404  0.02138  0.99180  0.000022  0.000009  0.001285    2.3518    1.6030  0.00001  0.00002  0.00001
   1.00373  0.01138  0.01924  0.95082  0.000020  0.000009  0.001363    2.3384    1.6048  0.00001  0.00002  0.00001
   1.00685  0.00906  0.01715  0.90298  0.000018  0.000008  0.001436    2.3241    1.6068  0.00001  0.00002  0.00001
   1.00973  0.00704  0.01510  0.84672  0.000017  0.000007  0.001494    2.3103    1.6088  0.00001  0.00001  0.00001
   1.01240  0.00530  0.01308  0.78022  0.000015  0.000007  0.001530    2.2946    1.6111  0.00000  0.00001  0.00001
   1.01488  0.00381  0.01109  0.70152  0.000014  0.000006  0.001521    2.2821    1.6129  0.00000  0.00001  0.00000
   1.01722  0.00258  0.00911  0.60866  0.000013  0.000006  0.001463    2.2651    1.6155  0.00000  0.00001  0.00000
   1.01942  0.00159  0.00714  0.50034  0.000012  0.000005  0.001308    2.2568    1.6168  0.00000  0.00001  0.00000
   1.02150  0.00084  0.00520  0.37644  0.000011  0.000005  0.001072    2.2403    1.6193  0.00000  0.00000  0.00000
   1.02349  0.00034  0.00328  0.23902  0.000011  0.000005  0.000716    2.2379    1.6197  0.00000  0.00000  0.00000
   1.02539  0.00006  0.00140  0.09242  0.000010  0.000005  0.000292    2.2295    1.6211  0.00000  0.00000  0.00000
   1.02720  0.00001 -0.00042 -0.05675  0.000010  0.000005  0.000179    2.2295    1.6211  0.00000 -0.00000 -0.00000
   1.02905  0.00016 -0.00225 -0.21120  0.000010  0.000004  0.000679    2.2274    1.6214  0.00000 -0.00000 -0.00000
   1.03096  0.00056 -0.00413 -0.36767  0.000010  0.000005  0.001140    2.2386    1.6196  0.00000 -0.00000 -0.00000
   1.03296  0.00122 -0.00601 -0.51597  0.000011  0.000005  0.001529    2.2424    1.6190  0.00000 -0.00001 -0.00000
   1.03504  0.00215 -0.00788 -0.64862  0.000011  0.000005  0.001758    2.2621    1.6159  0.00000 -0.00001 -0.00000
   1.03723  0.00334 -0.00971 -0.76117  0.000012  0.000005  0.001871    2.2761    1.6138  0.00000 -0.00001 -0.00000
   1.03954  0.00480 -0.01150 -0.85310  0.000014  0.000006  0.001859    2.2989    1.6104  0.00000 -0.00001 -0.00001
   1.04200  0.00653 -0.01325 -0.92626  0.000015  0.000007  0.001785    2.3188    1.6076  0.00001 -0.00001 -0.00001
   1.04462  0.00853 -0.01495 -0.98365  0.000017  0.000007  0.001665    2.3417    1.6044  0.00001 -0.00002 -0.00001
   1.04744  0.01081 -0.01661 -1.02829  0.000019  0.000008  0.001530    2.3635    1.6014  0.00001 -0.00002 -0.00001
   1.05050  0.01339 -0.01825 -1.06287  0.000021  0.000009  0.001391    2.3857    1.5985  0.00001 -0.00002 -0.00002
   1.05383  0.01631 -0.01986 -1.08958  0.000023  0.000010  0.001256    2.4074    1.5957  0.00001 -0.00003 -0.00002
   1.05750  0.01960 -0.02147 -1.11010  0.000026  0.000011  0.001130    2.4287    1.5931  0.00001 -0.00003 -0.00002
   1.06156  0.02333 -0.02307 -1.12572  0.000029  0.000012  0.001013    2.4497    1.5906  0.00001 -0.00003 -0.00003
   1.06609  0.02757 -0.02468 -1.13740  0.000032  0.000013  0.000906    2.4703    1.5882  0.00002 -0.00004 -0.00003
   1.07120  0.03242 -0.02630 -1.14586  0.000035  0.000014  0.000809    2.4906    1.5859  0.00002 -0.00004 -0.00003
   1.07700  0.03798 -0.02793 -1.15160  0.000039  0.000015  0.000720    2.5110    1.5837  0.00002 -0.00004 -0.00004
   1.08362  0.04440 -0.02958 -1.15503  0.000043  0.000017  0.000640    2.5312    1.5815  0.00002 -0.00005 -0.00004
   1.09122  0.05181 -0.03124 -1.15642  0.000047  0.000019  0.000567    2.5515    1.5794  0.00002 -0.00005 -0.00005
   1.09993  0.06036 -0.03289 -1.15601  0.000052  0.000020  0.000502    2.5719    1.5774  0.00003 -0.00006 -0.00005
   1.10983  0.07013 -0.03449 -1.15402  0.000058  0.000022  0.000444    2.5925    1.5754  0.00003 -0.00007 -0.00005
   1.12094  0.08113 -0.03602 -1.15070  0.000063  0.000024  0.000392    2.6132    1.5734  0.00003 -0.00007 -0.00006
   1.13317  0.09329 -0.03741 -1.14632  0.000070  0.000026  0.000348    2.6338    1.5716  0.00003 -0.00008 -0.00006
   1.14637  0.10643 -0.03865 -1.14128  0.000076  0.000029  0.000310    2.6527    1.5699  0.00004 -0.00009 -0.00007
   1.16035  0.12037 -0.03971 -1.13582  0.000080  0.000031  0.000589    2.5877    1.5222  0.00004 -0.00009 -0.00007
   1.17492  0.13492 -0.04058 -1.12680  0.000063  0.000042  0.003448    1.5171    1.7167  0.00005 -0.00007 -0.00010
   1.18995  0.14993 -0.04126 -1.12195  0.000088  0.000064  0.003993    1.3579    1.7789  0.00008 -0.00010 -0.00016
   1.20532  0.16529 -0.04178 -1.11690  0.000122  0.000089  0.003583    1.3679    1.7724  0.00011 -0.00014 -0.00022
   1.22096  0.18092 -0.04213 -1.11120  0.000154  0.000112  0.003350    1.3675    1.7716  0.00014 -0.00017 -0.00027
   1.23681  0.19677 -0.04235 -1.10540  0.000185  0.000136  0.003208    1.3606    1.7742  0.00017 -0.00020 -0.00033
   1.25283  0.21279 -0.04244 -1.09967  0.000215  0.000159  0.003093    1.3544    1.7767  0.00019 -0.00024 -0.00038
   1.26900  0.22896 -0.04241 -1.09408  0.000246  0.000182  0.002993    1.3496    1.7786  0.00022 -0.00027 -0.00042
   1.28529  0.24525 -0.04228 -1.08864  0.000277  0.000206  0.002904    1.3459    1.7801  0.00024 -0.00030 -0.00047
   1.30169  0.26165 -0.04206 -1.08337  0.000308  0.000229  0.002824    1.3427    1.7814  0.00027 -0.00033 -0.00052
   1.31818  0.27814 -0.04176 -1.07830  0.000339  0.000253  0.002752    1.3400    1.7826  0.00029 -0.00037 -0.00056
   1.33476  0.29471 -0.04140 -1.07344  0.000369  0.000276  0.002688    1.3376    1.7836  0.00032 -0.00040 -0.00061
   1.35141  0.31136 -0.04097 -1.06882  0.000400  0.000300  0.002629    1.3354    1.7846  0.00034 -0.00043 -0.00065
   1.36813  0.32807 -0.04049 -1.06446  0.000431  0.000323  0.002577    1.3333    1.7855  0.00037 -0.00046 -0.00070
   1.38490  0.34483 -0.03997 -1.06040  0.000461  0.000346  0.002529    1.3313    1.7864  0.00039 -0.00049 -0.00074
   1.40172  0.36165 -0.03941 -1.05670  0.000491  0.000369  0.002487    1.3293    1.7873  0.00041 -0.00052 -0.00078
   1.41857  0.37849 -0.03882 -1.05343  0.000520  0.000392  0.002451    1.3273    1.7882  0.00043 -0.00055 -0.00082
   1.43543  0.39533 -0.03820 -1.05109  0.000548  0.000413  0.002424    1.3248    1.7894  0.00046 -0.00058 -0.00086
   1.45223  0.41212 -0.03756 -1.04969  0.000573  0.000434  0.002406    1.3219    1.7908  0.00048 -0.00060 -0.00090
   1.46900  0.42888 -0.03688 -1.04707  0.000602  0.000456  0.002374    1.3208    1.7913  0.00050 -0.00063 -0.00094
   1.48578  0.44564 -0.03614 -1.04416  0.000631  0.000478  0.002341    1.3202    1.7916  0.00052 -0.00066 -0.00097
   1.50257  0.46241 -0.03537 -1.04108  0.000661  0.000501  0.002308    1.3198    1.7918  0.00054 -0.00069 -0.00101
   1.51939  0.47921 -0.03455 -1.03791  0.000691  0.000524  0.002275    1.3194    1.7919  0.00056 -0.00072 -0.00105
   1.53623  0.49603 -0.03370 -1.03469  0.000721  0.000547  0.002243    1.3191    1.7920  0.00059 -0.00075 -0.00109
   1.55310  0.51287 -0.03282 -1.03145  0.000752  0.000570  0.002212    1.3188    1.7922  0.00061 -0.00078 -0.00112
   1.56999  0.52974 -0.03190 -1.02820  0.000783  0.000594  0.002183    1.3185    1.7923  0.00063 -0.00081 -0.00116
   1.58690  0.54662 -0.03096 -1.02496  0.000814  0.000618  0.002154    1.3181    1.7925  0.00065 -0.00083 -0.00119
   1.60383  0.56353 -0.03000 -1.02173  0.000845  0.000642  0.002127    1.3177    1.7926  0.00067 -0.00086 -0.00123
   1.62078  0.58045 -0.02902 -1.01853  0.000877  0.000666  0.002100    1.3174    1.7928  0.00069 -0.00089 -0.00126
   1.63774  0.59738 -0.02801 -1.01535  0.000908  0.000690  0.002075    1.3170    1.7930  0.00071 -0.00092 -0.00129
   1.65472  0.61433 -0.02699 -1.01219  0.000940  0.000714  0.002050    1.3166    1.7932  0.00073 -0.00095 -0.00133
   1.67172  0.63130 -0.02595 -1.00905  0.000972  0.000738  0.002026    1.3162    1.7933  0.00075 -0.00098 -0.00136
   1.68872  0.64827 -0.02490 -1.00593  0.001004  0.000763  0.002003    1.3158    1.7935  0.00077 -0.00101 -0.00139
   1.70574  0.66525 -0.02384 -1.00283  0.001036  0.000788  0.001980    1.3155    1.7937  0.00079 -0.00104 -0.00143
   1.72277  0.68225 -0.02277 -0.99973  0.001069  0.000813  0.001958    1.3151    1.7938  0.00081 -0.00107 -0.00146
   1.73980  0.69925 -0.02169 -0.99662  0.001102  0.000838  0.001936    1.3148    1.7940  0.00083 -0.00110 -0.00149
   1.75684  0.71625 -0.02060 -0.99351  0.001135  0.000863  0.001914    1.3146    1.7941  0.00085 -0.00113 -0.00152
   1.77389  0.73326 -0.01950 -0.99037  0.001168  0.000889  0.001893    1.3144    1.7941  0.00087 -0.00116 -0.00155
   1.79094  0.75027 -0.01839 -0.98718  0.001203  0.000915  0.001871    1.3143    1.7942  0.00089 -0.00119 -0.00158
   1.80799  0.76729 -0.01728 -0.98393  0.001237  0.000941  0.001850    1.3143    1.7942  0.00091 -0.00122 -0.00161
   1.82504  0.78430 -0.01616 -0.98059  0.001273  0.000968  0.001828    1.3144    1.7941  0.00093 -0.00125 -0.00164
   1.84209  0.80132 -0.01503 -0.97714  0.001309  0.000996  0.001805    1.3146    1.7940  0.00095 -0.00128 -0.00167
   1.85914  0.81833 -0.01390 -0.97352  0.001347  0.001025  0.001782    1.3150    1.7938  0.00097 -0.00131 -0.00170
   1.87618  0.83534 -0.01276 -0.96971  0.001387  0.001054  0.001758    1.3156    1.7935  0.00099 -0.00134 -0.00172
   1.89322  0.85233 -0.01162 -0.96563  0.001428  0.001085  0.001732    1.3164    1.7930  0.00101 -0.00138 -0.00175
   1.91023  0.86931 -0.01047 -0.96120  0.001472  0.001117  0.001704    1.3176    1.7924  0.00103 -0.00142 -0.00178
   1.92721  0.88624 -0.00931 -0.95633  0.001520  0.001152  0.001673    1.3193    1.7915  0.00105 -0.00145 -0.00181
   1.94411  0.90311 -0.00815 -0.95087  0.001572  0.001190  0.001638    1.3216    1.7904  0.00108 -0.00150 -0.00183
   1.96087  0.91982 -0.00699 -0.94463  0.001631  0.001231  0.001599    1.3248    1.7888  0.00110 -0.00154 -0.00186
   1.97732  0.93623 -0.00584 -0.93736  0.001699  0.001278  0.001553    1.3291    1.7866  0.00112 -0.00159 -0.00188
   1.99319  0.95207 -0.00472 -0.92875  0.001779  0.001332  0.001498    1.3353    1.7835  0.00115 -0.00165 -0.00190
   2.00805  0.96689 -0.00367 -0.91837  0.001877  0.001396  0.001432    1.3440    1.7792  0.00118 -0.00172 -0.00192
   2.02139  0.98019 -0.00271 -0.90605  0.001997  0.001472  0.001353    1.3562    1.7733  0.00121 -0.00181 -0.00194
   2.03285  0.99163 -0.00187 -0.89035  0.002160  0.001571  0.001251    1.3749    1.7645  0.00125 -0.00192 -0.00196
   2.04125  1.00000 -0.00126 -0.88033  0.002273  0.001639  0.001189    1.3870    1.7589  0.00127 -0.00200 -0.00197
   2.04125  1.00010 -0.00001  0.88033  0.007860  0.003679  0.000000    2.1366
   2.04963  1.00847 -0.00054  0.85211  0.006550  0.004171  0.000000    1.5704
   2.05919  1.01800 -0.00107  0.87519  0.005649  0.003796  0.000000    1.4882
   2.07007  1.02887 -0.00164  0.89373  0.005051  0.003530  0.000000    1.4308
   2.08247  1.04126 -0.00225  0.90852  0.004630  0.003338  0.000000    1.3872
   2.09659  1.05537 -0.00290  0.92059  0.004315  0.003193  0.000000    1.3514
   2.11268  1.07144 -0.00361  0.93065  0.004066  0.003079  0.000000    1.3204
   2.13102  1.08976 -0.00437  0.93921  0.003861  0.002987  0.000000    1.2924
   2.15190  1.11063 -0.00520  0.94661  0.003687  0.002911  0.000000    1.2665
   2.17570  1.13441 -0.00609  0.95308  0.003537  0.002848  0.000000    1.2422
   2.20281  1.16150 -0.00704  0.95881  0.003405  0.002793  0.000000    1.2192
   2.23369  1.19237 -0.00807  0.96391  0.003288  0.002746  0.000000    1.1973
   2.26888  1.22753 -0.00917  0.96846  0.003183  0.002705  0.000000    1.1767
   2.30896  1.26760 -0.01034  0.97253  0.003089  0.002669  0.000000    1.1574
   2.35463  1.31325 -0.01160  0.97617  0.003006  0.002638  0.000000    1.1395
   2.40666  1.36526 -0.01294  0.97942  0.002932  0.002611  0.000000    1.1230
   2.46593  1.42452 -0.01436  0.98231  0.002866  0.002587  0.000000    1.1080
   2.53346  1.49203 -0.01586  0.98488  0.002809  0.002566  0.000000    1.0946
   2.61039  1.56895 -0.01744  0.98714  0.002759  0.002548  0.000000    1.0827
   2.69804  1.65658 -0.01911  0.98912  0.002715  0.002532  0.000000    1.0723
   2.79789  1.75642 -0.02085  0.99085  0.002678  0.002519  0.000000    1.0634
   2.91165  1.87016 -0.02268  0.99234  0.002647  0.002507  0.000000    1.0557
   3.04125  1.99975 -0.02458  0.99371  0.002619  0.002497  0.000000    1.0491
