#    s        x        y     Ue/Vinf    Dstar     Theta      Cf       H       H*        P         m          K          tau         Di
   0.00000  1.00000  0.00126  0.88359  0.005978  0.003603  0.000624    1.6588    1.6564  0.00281  0.00528  0.00412
   0.00837  0.99180  0.00295  0.90017  0.005410  0.003365  0.000719    1.6080    1.6726  0.00273  0.00487  0.00410
   0.01972  0.98067  0.00521  0.92199  0.004787  0.003083  0.000845    1.5527    1.6915  0.00262  0.00441  0.00409
   0.03284  0.96782  0.00778  0.94420  0.004263  0.002828  0.000975    1.5075    1.7083  0.00252  0.00403  0.00407
   0.04736  0.95357  0.01057  0.96562  0.003838  0.002607  0.001101    1.4720    1.7222  0.00243  0.00371  0.00404
   0.06282  0.93838  0.01349  0.98545  0.003498  0.002421  0.001218    1.4448    1.7334  0.00235  0.00345  0.00402
   0.07882  0.92265  0.01644  1.00347  0.003225  0.002265  0.001324    1.4239    1.7423  0.00228  0.00324  0.00399
   0.09511  0.90663  0.01939  1.01979  0.003003  0.002133  0.001420    1.4077    1.7494  0.00222  0.00306  0.00396
   0.11155  0.89046  0.02230  1.03468  0.002817  0.002019  0.001508    1.3950    1.7552  0.00216  0.00291  0.00393
   0.12806  0.87420  0.02515  1.04837  0.002658  0.001920  0.001589    1.3847    1.7598  0.00211  0.00279  0.00389
   0.14460  0.85789  0.02795  1.06108  0.002520  0.001831  0.001664    1.3763    1.7637  0.00206  0.00267  0.00386
   0.16116  0.84156  0.03068  1.07299  0.002398  0.001751  0.001734    1.3694    1.7670  0.00202  0.00257  0.00382
   0.17773  0.82520  0.03335  1.08424  0.002289  0.001679  0.001800    1.3636    1.7697  0.00197  0.00248  0.00379
   0.19431  0.80884  0.03596  1.09494  0.002189  0.001612  0.001864    1.3586    1.7721  0.00193  0.00240  0.00375
   0.21089  0.79245  0.03851  1.10520  0.002098  0.001549  0.001924    1.3544    1.7741  0.00189  0.00232  0.00371
   0.22746  0.77606  0.04099  1.11507  0.002014  0.001491  0.001983    1.3508    1.7758  0.00185  0.00225  0.00367
   0.24404  0.75966  0.04340  1.12463  0.001935  0.001436  0.002040    1.3477    1.7774  0.00182  0.00218  0.00363
   0.26062  0.74326  0.04576  1.13393  0.001861  0.001383  0.002096    1.3450    1.7787  0.00178  0.00211  0.00359
   0.27719  0.72684  0.04804  1.14301  0.001790  0.001333  0.002150    1.3427    1.7798  0.00174  0.00205  0.00354
   0.29375  0.71043  0.05026  1.15191  0.001724  0.001286  0.002204    1.3406    1.7808  0.00171  0.00199  0.00350
   0.31031  0.69401  0.05242  1.16066  0.001660  0.001240  0.002257    1.3389    1.7817  0.00167  0.00193  0.00345
   0.32687  0.67758  0.05450  1.16929  0.001600  0.001196  0.002310    1.3374    1.7824  0.00164  0.00187  0.00341
   0.34341  0.66116  0.05652  1.17784  0.001541  0.001153  0.002363    1.3361    1.7831  0.00160  0.00182  0.00336
   0.35995  0.64474  0.05847  1.18632  0.001485  0.001112  0.002416    1.3349    1.7837  0.00157  0.00176  0.00331
   0.37648  0.62832  0.06035  1.19476  0.001430  0.001072  0.002468    1.3340    1.7841  0.00153  0.00171  0.00326
   0.39299  0.61191  0.06215  1.20318  0.001378  0.001033  0.002522    1.3332    1.7845  0.00150  0.00166  0.00321
   0.40949  0.59550  0.06388  1.21159  0.001326  0.000995  0.002575    1.3326    1.7849  0.00146  0.00161  0.00316
   0.42598  0.57909  0.06553  1.22001  0.001276  0.000958  0.002629    1.3321    1.7851  0.00143  0.00156  0.00311
   0.44245  0.56270  0.06711  1.22848  0.001228  0.000922  0.002684    1.3317    1.7853  0.00139  0.00151  0.00305
   0.45890  0.54631  0.06860  1.23699  0.001180  0.000886  0.002740    1.3315    1.7855  0.00136  0.00146  0.00300
   0.47533  0.52994  0.07002  1.24558  0.001134  0.000852  0.002798    1.3313    1.7855  0.00132  0.00141  0.00294
   0.49174  0.51358  0.07135  1.25426  0.001088  0.000818  0.002856    1.3313    1.7856  0.00129  0.00137  0.00288
   0.50813  0.49724  0.07259  1.26306  0.001044  0.000784  0.002917    1.3313    1.7856  0.00125  0.00132  0.00282
   0.52450  0.48092  0.07374  1.27200  0.001000  0.000751  0.002979    1.3313    1.7856  0.00121  0.00127  0.00276
   0.54083  0.46462  0.07480  1.28114  0.000956  0.000718  0.003044    1.3314    1.7856  0.00118  0.00123  0.00270
   0.55713  0.44834  0.07576  1.29050  0.000913  0.000686  0.003113    1.3315    1.7856  0.00114  0.00118  0.00263
   0.57339  0.43211  0.07663  1.30020  0.000871  0.000654  0.003186    1.3314    1.7856  0.00111  0.00113  0.00257
   0.58960  0.41592  0.07738  1.31031  0.000828  0.000622  0.003266    1.3310    1.7859  0.00107  0.00109  0.00250
   0.60571  0.39982  0.07804  1.32171  0.000784  0.000589  0.003363    1.3294    1.7867  0.00103  0.00104  0.00243
   0.62170  0.38384  0.07856  1.33321  0.000740  0.000557  0.003467    1.3276    1.7876  0.00099  0.00099  0.00236
   0.63761  0.36794  0.07893  1.34334  0.000701  0.000528  0.003557    1.3269    1.7880  0.00095  0.00094  0.00229
   0.65345  0.35210  0.07916  1.35314  0.000663  0.000500  0.003648    1.3265    1.7882  0.00092  0.00090  0.00222
   0.66923  0.33632  0.07922  1.36266  0.000627  0.000473  0.003738    1.3263    1.7883  0.00088  0.00085  0.00214
   0.68496  0.32059  0.07913  1.37199  0.000592  0.000447  0.003829    1.3264    1.7884  0.00084  0.00081  0.00206
   0.70063  0.30492  0.07888  1.38117  0.000558  0.000421  0.003922    1.3266    1.7883  0.00080  0.00077  0.00198
   0.71624  0.28931  0.07846  1.39024  0.000525  0.000396  0.004016    1.3270    1.7881  0.00077  0.00073  0.00190
   0.73180  0.27377  0.07787  1.39922  0.000493  0.000371  0.004114    1.3276    1.7879  0.00073  0.00069  0.00182
   0.74728  0.25831  0.07709  1.40815  0.000461  0.000347  0.004214    1.3284    1.7876  0.00069  0.00065  0.00173
   0.76269  0.24293  0.07614  1.41705  0.000431  0.000324  0.004319    1.3293    1.7871  0.00065  0.00061  0.00165
   0.77801  0.22765  0.07499  1.42594  0.000400  0.000301  0.004428    1.3305    1.7866  0.00061  0.00057  0.00156
   0.79324  0.21248  0.07364  1.43486  0.000370  0.000278  0.004543    1.3319    1.7860  0.00057  0.00053  0.00147
   0.80835  0.19745  0.07210  1.44384  0.000341  0.000256  0.004665    1.3335    1.7853  0.00053  0.00049  0.00137
   0.82334  0.18256  0.07034  1.45291  0.000312  0.000234  0.004795    1.3355    1.7845  0.00049  0.00045  0.00128
   0.83818  0.16785  0.06837  1.46214  0.000284  0.000212  0.004936    1.3377    1.7835  0.00045  0.00041  0.00118
   0.85283  0.15336  0.06618  1.47157  0.000256  0.000191  0.005089    1.3403    1.7824  0.00041  0.00038  0.00108
   0.86726  0.13914  0.06378  1.48128  0.000228  0.000170  0.005259    1.3434    1.7811  0.00037  0.00034  0.00098
   0.88139  0.12525  0.06115  1.49133  0.000201  0.000149  0.005449    1.3470    1.7796  0.00033  0.00030  0.00088
   0.89514  0.11179  0.05832  1.50181  0.000174  0.000129  0.005665    1.3515    1.7778  0.00029  0.00026  0.00077
   0.90840  0.09889  0.05531  1.51277  0.000148  0.000109  0.005911    1.3571    1.7755  0.00025  0.00022  0.00067
   0.92101  0.08668  0.05215  1.52424  0.000123  0.000090  0.006191    1.3649    1.7725  0.00021  0.00019  0.00056
   0.93281  0.07533  0.04890  1.53620  0.000099  0.000072  0.006524    1.3748    1.7688  0.00017  0.00015  0.00046
   0.94366  0.06499  0.04563  1.54830  0.000075  0.000055  0.007066    1.3770    1.7691  0.00013  0.00012  0.00036
   0.95345  0.05575  0.04241  1.55964  0.000052  0.000038  0.008007    1.3670    1.7761  0.00009  0.00008  0.00026
   0.96216  0.04761  0.03929  1.57072  0.000038  0.000024  0.006802    1.5436    1.7098  0.00006  0.00006  0.00016
   0.96984  0.04054  0.03631  1.58899  0.000049  0.000018  0.001012    2.6916    1.5181  0.00005  0.00008  0.00011
   0.97658  0.03441  0.03349  1.60109  0.000046  0.000017  0.000644    2.7384    1.5629  0.00004  0.00007  0.00011
   0.98251  0.02911  0.03083  1.61299  0.000042  0.000016  0.000728    2.7185    1.5645  0.00004  0.00007  0.00010
   0.98774  0.02453  0.02830  1.62429  0.000038  0.000014  0.000832    2.6929    1.5665  0.00004  0.00006  0.00010
   0.99240  0.02055  0.02589  1.63450  0.000035  0.000013  0.000955    2.6642    1.5689  0.00003  0.00006  0.00009
   0.99656  0.01707  0.02360  1.64318  0.000032  0.000012  0.001101    2.6328    1.5717  0.00003  0.00005  0.00008
   1.00032  0.01404  0.02138  1.64975  0.000028  0.000011  0.001274    2.5991    1.5748  0.00003  0.00005  0.00008
   1.00373  0.01138  0.01924  1.65338  0.000026  0.000010  0.001478    2.5635    1.5782  0.00003  0.00004  0.00007
   1.00685  0.00906  0.01715  1.65294  0.000023  0.000009  0.001717    2.5265    1.5820  0.00002  0.00004  0.00006
   1.00973  0.00704  0.01510  1.64688  0.000021  0.000008  0.001992    2.4885    1.5861  0.00002  0.00003  0.00006
   1.01240  0.00530  0.01308  1.63308  0.000018  0.000007  0.002303    2.4499    1.5906  0.00002  0.00003  0.00005
   1.01488  0.00381  0.01109  1.60881  0.000016  0.000007  0.002642    2.4116    1.5952  0.00002  0.00003  0.00005
   1.01722  0.00258  0.00911  1.57074  0.000015  0.000006  0.002991    2.3743    1.6000  0.00002  0.00002  0.00004
   1.01942  0.00159  0.00714  1.51523  0.000013  0.000006  0.003316    2.3391    1.6047  0.00001  0.00002  0.00003
   1.02150  0.00084  0.00520  1.43904  0.000012  0.000005  0.003570    2.3065    1.6093  0.00001  0.00002  0.00002
   1.02349  0.00034  0.00328  1.34063  0.000011  0.000005  0.003687    2.2798    1.6133  0.00001  0.00001  0.00002
   1.02539  0.00006  0.00140  1.22119  0.000010  0.000005  0.003650    2.2547    1.6171  0.00001  0.00001  0.00001
   1.02720  0.00001 -0.00042  1.08732  0.000010  0.000004  0.003369    2.2510    1.6177  0.00001  0.00001  0.00001
   1.02905  0.00016 -0.00225  0.93740  0.000010  0.000004  0.003063    2.2286    1.6212  0.00000  0.00001  0.00001
   1.03096  0.00056 -0.00413  0.76938  0.000010  0.000004  0.002502    2.2324    1.6206  0.00000  0.00001  0.00000
   1.03296  0.00122 -0.00601  0.59188  0.000010  0.000004  0.001955    2.2069    1.6247  0.00000  0.00001  0.00000
   1.03504  0.00215 -0.00788  0.41515  0.000010  0.000005  0.001266    2.2316    1.6207  0.00000  0.00000  0.00000
   1.03723  0.00334 -0.00971  0.24801  0.000011  0.000005  0.000745    2.2072    1.6247  0.00000  0.00000  0.00000
   1.03954  0.00480 -0.01150  0.09633  0.000012  0.000006  0.000248    2.2295    1.6211  0.00000  0.00000  0.00000
   1.04200  0.00653 -0.01325 -0.03793  0.000012  0.000006  0.000098    2.2295    1.6211  0.00000 -0.00000 -0.00000
   1.04462  0.00853 -0.01495 -0.15504  0.000015  0.000006  0.000336    2.2500    1.6178  0.00000 -0.00000 -0.00000
   1.04744  0.01081 -0.01661 -0.25647  0.000015  0.000007  0.000528    2.2349    1.6202  0.00000 -0.00000 -0.00000
   1.05050  0.01339 -0.01825 -0.34450  0.000017  0.000008  0.000612    2.2740    1.6141  0.00000 -0.00001 -0.00000
   1.05383  0.01631 -0.01986 -0.42098  0.000019  0.000008  0.000697    2.2621    1.6159  0.00000 -0.00001 -0.00000
   1.05750  0.01960 -0.02147 -0.48797  0.000021  0.000009  0.000711    2.2894    1.6118  0.00000 -0.00001 -0.00000
   1.06156  0.02333 -0.02307 -0.54689  0.000023  0.000010  0.000729    2.2901    1.6117  0.00000 -0.00001 -0.00000
   1.06609  0.02757 -0.02468 -0.59914  0.000025  0.000011  0.000714    2.3076    1.6092  0.00000 -0.00001 -0.00000
   1.07120  0.03242 -0.02630 -0.64570  0.000027  0.000012  0.000696    2.3159    1.6080  0.00000 -0.00002 -0.00001
   1.07700  0.03798 -0.02793 -0.68738  0.000030  0.000013  0.000666    2.3292    1.6061  0.00001 -0.00002 -0.00001
   1.08362  0.04440 -0.02958 -0.72476  0.000033  0.000014  0.000632    2.3405    1.6045  0.00001 -0.00002 -0.00001
   1.09122  0.05181 -0.03124 -0.75823  0.000036  0.000015  0.000594    2.3530    1.6028  0.00001 -0.00003 -0.00001
   1.09993  0.06036 -0.03289 -0.78800  0.000040  0.000017  0.000554    2.3654    1.6012  0.00001 -0.00003 -0.00001
   1.10983  0.07013 -0.03449 -0.81416  0.000044  0.000019  0.000514    2.3781    1.5995  0.00001 -0.00004 -0.00002
   1.12094  0.08113 -0.03602 -0.83676  0.000048  0.000020  0.000475    2.3907    1.5978  0.00001 -0.00004 -0.00002
   1.13317  0.09329 -0.03741 -0.85593  0.000053  0.000022  0.000439    2.4032    1.5963  0.00002 -0.00005 -0.00002
   1.14637  0.10643 -0.03865 -0.87189  0.000058  0.000024  0.000405    2.4155    1.5947  0.00002 -0.00005 -0.00003
   1.16035  0.12037 -0.03971 -0.88500  0.000063  0.000026  0.000375    2.4273    1.5933  0.00002 -0.00006 -0.00003
   1.17492  0.13492 -0.04058 -0.89566  0.000067  0.000028  0.000347    2.4387    1.5919  0.00002 -0.00006 -0.00003
   1.18995  0.14993 -0.04126 -0.90429  0.000072  0.000030  0.000323    2.4496    1.5906  0.00002 -0.00007 -0.00003
   1.20532  0.16529 -0.04178 -0.91124  0.000077  0.000031  0.000302    2.4600    1.5894  0.00003 -0.00007 -0.00004
   1.22096  0.18092 -0.04213 -0.91684  0.000082  0.000033  0.000283    2.4700    1.5882  0.00003 -0.00008 -0.00004
   1.23681  0.19677 -0.04235 -0.92135  0.000087  0.000035  0.000266    2.4795    1.5872  0.00003 -0.00008 -0.00004
   1.25283  0.21279 -0.04244 -0.92496  0.000092  0.000037  0.000250    2.4884    1.5861  0.00003 -0.00008 -0.00005
   1.26900  0.22896 -0.04241 -0.92786  0.000097  0.000039  0.000237    2.4969    1.5852  0.00003 -0.00009 -0.00005
   1.28529  0.24525 -0.04228 -0.93019  0.000101  0.000040  0.000225    2.5047    1.5844  0.00003 -0.00009 -0.00005
   1.30169  0.26165 -0.04206 -0.93205  0.000106  0.000042  0.000214    2.5119    1.5836  0.00004 -0.00010 -0.00005
   1.31818  0.27814 -0.04176 -0.93356  0.000110  0.000044  0.000204    2.5183    1.5829  0.00004 -0.00010 -0.00006
   1.33476  0.29471 -0.04140 -0.93479  0.000115  0.000045  0.000195    2.5238    1.5823  0.00004 -0.00011 -0.00006
   1.35141  0.31136 -0.04097 -0.93583  0.000119  0.000047  0.000188    2.5281    1.5818  0.00004 -0.00011 -0.00006
   1.36813  0.32807 -0.04049 -0.93675  0.000123  0.000049  0.000181    2.5312    1.5815  0.00004 -0.00012 -0.00006
   1.38490  0.34483 -0.03997 -0.93762  0.000127  0.000050  0.000175    2.5324    1.5814  0.00004 -0.00012 -0.00007
   1.40172  0.36165 -0.03941 -0.93857  0.000130  0.000051  0.000171    2.5306    1.5816  0.00005 -0.00012 -0.00007
   1.41857  0.37849 -0.03882 -0.93987  0.000133  0.000053  0.000169    2.5223    1.5825  0.00005 -0.00013 -0.00007
   1.43543  0.39533 -0.03820 -0.94102  0.000123  0.000055  0.000675    2.2349    1.5513  0.00005 -0.00012 -0.00007
   1.45223  0.41212 -0.03756 -0.94132  0.000101  0.000068  0.002301    1.4936    1.7225  0.00006 -0.00010 -0.00010
   1.46900  0.42888 -0.03688 -0.94329  0.000123  0.000091  0.002724    1.3529    1.7802  0.00008 -0.00012 -0.00014
   1.48578  0.44564 -0.03614 -0.94483  0.000156  0.000115  0.002566    1.3542    1.7784  0.00010 -0.00015 -0.00017
   1.50257  0.46241 -0.03537 -0.94559  0.000188  0.000138  0.002440    1.3576    1.7761  0.00012 -0.00018 -0.00021
   1.51939  0.47921 -0.03455 -0.94594  0.000218  0.000161  0.002365    1.3548    1.7769  0.00014 -0.00021 -0.00024
   1.53623  0.49603 -0.03370 -0.94606  0.000247  0.000183  0.002312    1.3504    1.7786  0.00016 -0.00023 -0.00028
   1.55310  0.51287 -0.03282 -0.94603  0.000275  0.000204  0.002269    1.3461    1.7803  0.00018 -0.00026 -0.00031
   1.56999  0.52974 -0.03190 -0.94588  0.000303  0.000226  0.002230    1.3424    1.7819  0.00020 -0.00029 -0.00034
   1.58690  0.54662 -0.03096 -0.94564  0.000331  0.000247  0.002196    1.3393    1.7832  0.00022 -0.00031 -0.00037
   1.60383  0.56353 -0.03000 -0.94532  0.000358  0.000268  0.002165    1.3365    1.7844  0.00024 -0.00034 -0.00040
   1.62078  0.58045 -0.02902 -0.94494  0.000385  0.000289  0.002136    1.3341    1.7855  0.00026 -0.00036 -0.00043
   1.63774  0.59738 -0.02801 -0.94451  0.000412  0.000309  0.002109    1.3319    1.7864  0.00028 -0.00039 -0.00047
   1.65472  0.61433 -0.02699 -0.94404  0.000438  0.000330  0.002085    1.3300    1.7873  0.00029 -0.00041 -0.00050
   1.67172  0.63130 -0.02595 -0.94354  0.000465  0.000350  0.002061    1.3282    1.7881  0.00031 -0.00044 -0.00053
   1.68872  0.64827 -0.02490 -0.94300  0.000491  0.000370  0.002040    1.3265    1.7889  0.00033 -0.00046 -0.00056
   1.70574  0.66525 -0.02384 -0.94243  0.000517  0.000390  0.002020    1.3250    1.7896  0.00035 -0.00049 -0.00058
   1.72277  0.68225 -0.02277 -0.94184  0.000543  0.000411  0.002000    1.3236    1.7902  0.00036 -0.00051 -0.00061
   1.73980  0.69925 -0.02169 -0.94121  0.000569  0.000431  0.001982    1.3223    1.7908  0.00038 -0.00054 -0.00064
   1.75684  0.71625 -0.02060 -0.94055  0.000595  0.000451  0.001964    1.3210    1.7914  0.00040 -0.00056 -0.00067
   1.77389  0.73326 -0.01950 -0.93985  0.000621  0.000471  0.001947    1.3199    1.7919  0.00042 -0.00058 -0.00070
   1.79094  0.75027 -0.01839 -0.93909  0.000647  0.000491  0.001931    1.3189    1.7924  0.00043 -0.00061 -0.00073
   1.80799  0.76729 -0.01728 -0.93828  0.000673  0.000511  0.001915    1.3179    1.7928  0.00045 -0.00063 -0.00076
   1.82504  0.78430 -0.01616 -0.93739  0.000699  0.000531  0.001899    1.3171    1.7932  0.00047 -0.00066 -0.00078
   1.84209  0.80132 -0.01503 -0.93641  0.000725  0.000551  0.001883    1.3164    1.7935  0.00048 -0.00068 -0.00081
   1.85914  0.81833 -0.01390 -0.93530  0.000752  0.000572  0.001866    1.3157    1.7938  0.00050 -0.00070 -0.00084
   1.87618  0.83534 -0.01276 -0.93405  0.000779  0.000592  0.001849    1.3153    1.7940  0.00052 -0.00073 -0.00087
   1.89322  0.85233 -0.01162 -0.93260  0.000807  0.000613  0.001832    1.3150    1.7941  0.00053 -0.00075 -0.00089
   1.91023  0.86931 -0.01047 -0.93090  0.000835  0.000635  0.001813    1.3149    1.7942  0.00055 -0.00078 -0.00092
   1.92721  0.88624 -0.00931 -0.92887  0.000864  0.000657  0.001792    1.3150    1.7941  0.00057 -0.00080 -0.00095
   1.94411  0.90311 -0.00815 -0.92641  0.000896  0.000681  0.001769    1.3155    1.7938  0.00058 -0.00083 -0.00097
   1.96087  0.91982 -0.00699 -0.92337  0.000929  0.000705  0.001743    1.3165    1.7932  0.00060 -0.00086 -0.00100
   1.97732  0.93623 -0.00584 -0.91955  0.000965  0.000732  0.001712    1.3183    1.7924  0.00062 -0.00089 -0.00102
   1.99319  0.95207 -0.00472 -0.91468  0.001006  0.000761  0.001673    1.3210    1.7909  0.00064 -0.00092 -0.00104
   2.00805  0.96689 -0.00367 -0.90832  0.001052  0.000794  0.001625    1.3254    1.7887  0.00066 -0.00096 -0.00106
   2.02139  0.98019 -0.00271 -0.90025  0.001107  0.000831  0.001566    1.3320    1.7854  0.00067 -0.00100 -0.00108
   2.03285  0.99163 -0.00187 -0.88777  0.001186  0.000882  0.001474    1.3448    1.7791  0.00070 -0.00105 -0.00110
   2.04125  1.00000 -0.00126 -0.88359  0.001218  0.000904  0.001449    1.3470    1.7780  0.00071 -0.00108 -0.00111
   2.04125  1.00010 -0.00001  0.88359  0.009686  0.004507  0.000000    2.1488
   2.04963  1.00847 -0.00053  0.86098  0.008509  0.004990  0.000000    1.7051
   2.05919  1.01801 -0.00099  0.87755  0.007509  0.004654  0.000000    1.6135
   2.07007  1.02888 -0.00145  0.89226  0.006769  0.004385  0.000000    1.5437
   2.08247  1.04127 -0.00190  0.90503  0.006206  0.004171  0.000000    1.4878
   2.09659  1.05539 -0.00235  0.91607  0.005764  0.004000  0.000000    1.4410
   2.11268  1.07148 -0.00277  0.92565  0.005405  0.003860  0.000000    1.4001
   2.13102  1.08981 -0.00317  0.93400  0.005105  0.003745  0.000000    1.3633
   2.15190  1.11069 -0.00352  0.94135  0.004850  0.003648  0.000000    1.3295
   2.17570  1.13448 -0.00382  0.94787  0.004627  0.003565  0.000000    1.2979
   2.20281  1.16159 -0.00404  0.95370  0.004432  0.003494  0.000000    1.2683
   2.23369  1.19247 -0.00415  0.95894  0.004258  0.003432  0.000000    1.2404
   2.26888  1.22766 -0.00412  0.96366  0.004102  0.003378  0.000000    1.2142
   2.30896  1.26774 -0.00390  0.96794  0.003963  0.003331  0.000000    1.1897
   2.35463  1.31341 -0.00346  0.97180  0.003839  0.003289  0.000000    1.1671
   2.40666  1.36543 -0.00273  0.97529  0.003728  0.003252  0.000000    1.1464
   2.46593  1.42469 -0.00164  0.97844  0.003630  0.003219  0.000000    1.1276
   2.53346  1.49221 -0.00011  0.98127  0.003544  0.003190  0.000000    1.1109
   2.61039  1.56911  0.00195  0.98381  0.003469  0.003165  0.000000    1.0961
   2.69804  1.65671  0.00466  0.98607  0.003404  0.003143  0.000000    1.0832
   2.79789  1.75651  0.00814  0.98807  0.003348  0.003123  0.000000    1.0721
   2.91165  1.87018  0.01256  0.98983  0.003301  0.003106  0.000000    1.0626
   3.04125  1.99966  0.01807  0.99149  0.003259  0.003090  0.000000    1.0546
