#    s        x        y     Ue/Vinf    Dstar     Theta      Cf       H       H*        P         m          K          tau         Di
   0.00000  1.00000  0.00126  1.05243  0.055330  0.003035 -0.000244   18.2294    1.7200  0.00336  0.05823  0.00609
   0.00837  0.99180  0.00295  1.05648  0.054404  0.002803 -0.000429   19.4079    1.7032  0.00313  0.05748  0.00563
   0.01972  0.98067  0.00521  1.05656  0.053272  0.002801 -0.000430   19.0201    1.6977  0.00313  0.05629  0.00561
   0.03284  0.96782  0.00778  1.05665  0.051897  0.002799 -0.000431   18.5425    1.6909  0.00312  0.05484  0.00558
   0.04736  0.95357  0.01057  1.05673  0.050323  0.002797 -0.000432   17.9917    1.6832  0.00312  0.05318  0.00556
   0.06282  0.93838  0.01349  1.05682  0.048611  0.002795 -0.000433   17.3898    1.6747  0.00312  0.05137  0.00553
   0.07882  0.92265  0.01644  1.05692  0.046815  0.002794 -0.000434   16.7572    1.6658  0.00312  0.04948  0.00549
   0.09511  0.90663  0.01939  1.05702  0.044975  0.002792 -0.000435   16.1084    1.6567  0.00312  0.04754  0.00546
   0.11155  0.89046  0.02230  1.05713  0.043113  0.002790 -0.000437   15.4532    1.6477  0.00312  0.04558  0.00543
   0.12806  0.87420  0.02515  1.05726  0.041247  0.002787 -0.000438   14.7976    1.6386  0.00312  0.04361  0.00540
   0.14460  0.85789  0.02795  1.05740  0.039387  0.002784 -0.000440   14.1456    1.6297  0.00311  0.04165  0.00536
   0.16116  0.84156  0.03068  1.05757  0.037538  0.002781 -0.000442   13.5002    1.6210  0.00311  0.03970  0.00533
   0.17773  0.82520  0.03335  1.05777  0.035709  0.002776 -0.000445   12.8635    1.6125  0.00311  0.03777  0.00530
   0.19431  0.80884  0.03596  1.05800  0.033902  0.002770 -0.000448   12.2373    1.6043  0.00310  0.03587  0.00526
   0.21089  0.79245  0.03851  1.05828  0.032122  0.002764 -0.000451   11.6232    1.5963  0.00310  0.03399  0.00523
   0.22746  0.77606  0.04099  1.05861  0.030373  0.002756 -0.000455   11.0226    1.5886  0.00309  0.03215  0.00519
   0.24404  0.75966  0.04340  1.05900  0.028659  0.002746 -0.000460   10.4365    1.5812  0.00308  0.03035  0.00516
   0.26062  0.74326  0.04576  1.05946  0.026982  0.002735 -0.000465    9.8663    1.5743  0.00307  0.02859  0.00512
   0.27719  0.72684  0.04804  1.06002  0.025348  0.002722 -0.000472    9.3129    1.5677  0.00306  0.02687  0.00508
   0.29375  0.71043  0.05026  1.06067  0.023758  0.002707 -0.000480    8.7774    1.5615  0.00305  0.02520  0.00504
   0.31031  0.69401  0.05242  1.06145  0.022217  0.002689 -0.000489    8.2609    1.5558  0.00303  0.02358  0.00500
   0.32687  0.67758  0.05450  1.06238  0.020728  0.002670 -0.000500    7.7643    1.5505  0.00301  0.02202  0.00496
   0.34341  0.66116  0.05652  1.06348  0.019294  0.002647 -0.000513    7.2886    1.5458  0.00299  0.02052  0.00492
   0.35995  0.64474  0.05847  1.06478  0.017920  0.002622 -0.000529    6.8350    1.5416  0.00297  0.01908  0.00488
   0.37648  0.62832  0.06035  1.06632  0.016608  0.002593 -0.000548    6.4043    1.5379  0.00295  0.01771  0.00484
   0.39299  0.61191  0.06215  1.06814  0.015362  0.002561 -0.000570    5.9978    1.5348  0.00292  0.01641  0.00479
   0.40949  0.59550  0.06388  1.07029  0.014185  0.002526 -0.000592    5.6164    1.5323  0.00289  0.01518  0.00474
   0.42598  0.57909  0.06553  1.07281  0.013079  0.002486 -0.000603    5.2611    1.5304  0.00286  0.01403  0.00470
   0.44245  0.56270  0.06711  1.07575  0.012047  0.002442 -0.000597    4.9325    1.5290  0.00283  0.01296  0.00465
   0.45890  0.54631  0.06860  1.07915  0.011090  0.002395 -0.000555    4.6311    1.5283  0.00279  0.01197  0.00460
   0.47533  0.52994  0.07002  1.08303  0.010209  0.002343 -0.000460    4.3568    1.5280  0.00275  0.01106  0.00455
   0.49174  0.51358  0.07135  1.08733  0.009401  0.002289 -0.000300    4.1080    1.5280  0.00271  0.01022  0.00450
   0.50813  0.49724  0.07259  1.09207  0.008667  0.002231 -0.000071    3.8848    1.5284  0.00266  0.00946  0.00444
   0.52450  0.48092  0.07374  1.09730  0.008002  0.002170  0.000225    3.6880    1.5296  0.00261  0.00878  0.00438
   0.54083  0.46462  0.07480  1.10300  0.007403  0.002105  0.000582    3.5167    1.5316  0.00256  0.00816  0.00433
   0.55713  0.44834  0.07576  1.10911  0.006863  0.002038  0.000994    3.3681    1.5343  0.00251  0.00761  0.00427
   0.57339  0.43211  0.07663  1.11552  0.006375  0.001968  0.001454    3.2388    1.5376  0.00245  0.00711  0.00420
   0.58960  0.41592  0.07738  1.12214  0.005931  0.001898  0.001964    3.1249    1.5415  0.00239  0.00666  0.00413
   0.60571  0.39982  0.07804  1.12886  0.005519  0.001827  0.002541    3.0205    1.5459  0.00233  0.00623  0.00406
   0.62170  0.38384  0.07856  1.13544  0.005149  0.001758  0.003156    2.9294    1.5505  0.00227  0.00585  0.00399
   0.63761  0.36794  0.07893  1.14161  0.004830  0.001691  0.003756    2.8566    1.5548  0.00220  0.00551  0.00391
   0.65345  0.35210  0.07916  1.14732  0.004549  0.001627  0.004351    2.7965    1.5587  0.00214  0.00522  0.00383
   0.66923  0.33632  0.07922  1.15248  0.004297  0.001565  0.004936    2.7466    1.5623  0.00208  0.00495  0.00374
   0.68496  0.32059  0.07913  1.15707  0.004071  0.001505  0.005515    2.7046    1.5656  0.00201  0.00471  0.00365
   0.70063  0.30492  0.07888  1.16105  0.003863  0.001447  0.006089    2.6690    1.5685  0.00195  0.00449  0.00355
   0.71624  0.28931  0.07846  1.16440  0.003672  0.001392  0.006663    2.6385    1.5712  0.00189  0.00428  0.00345
   0.73180  0.27377  0.07787  1.16710  0.003493  0.001337  0.007241    2.6119    1.5736  0.00182  0.00408  0.00335
   0.74728  0.25831  0.07709  1.16911  0.003324  0.001284  0.007827    2.5887    1.5758  0.00176  0.00389  0.00323
   0.76269  0.24293  0.07614  1.17040  0.003164  0.001232  0.008425    2.5681    1.5778  0.00169  0.00370  0.00312
   0.77801  0.22765  0.07499  1.17093  0.003011  0.001181  0.009041    2.5498    1.5796  0.00162  0.00353  0.00299
   0.79324  0.21248  0.07364  1.17064  0.002863  0.001130  0.009680    2.5333    1.5813  0.00155  0.00335  0.00287
   0.80835  0.19745  0.07210  1.16946  0.002720  0.001080  0.010348    2.5183    1.5829  0.00148  0.00318  0.00273
   0.82334  0.18256  0.07034  1.16732  0.002580  0.001030  0.011051    2.5046    1.5844  0.00140  0.00301  0.00260
   0.83818  0.16785  0.06837  1.16410  0.002442  0.000980  0.011798    2.4920    1.5858  0.00133  0.00284  0.00245
   0.85283  0.15336  0.06618  1.15968  0.002307  0.000930  0.012597    2.4803    1.5871  0.00125  0.00268  0.00230
   0.86726  0.13914  0.06378  1.15390  0.002174  0.000880  0.013459    2.4693    1.5883  0.00117  0.00251  0.00215
   0.88139  0.12525  0.06115  1.14659  0.002041  0.000830  0.014396    2.4589    1.5895  0.00109  0.00234  0.00199
   0.89514  0.11179  0.05832  1.13754  0.001910  0.000780  0.015421    2.4489    1.5907  0.00101  0.00217  0.00183
   0.90840  0.09889  0.05531  1.12653  0.001781  0.000730  0.016547    2.4392    1.5918  0.00093  0.00201  0.00166
   0.92101  0.08668  0.05215  1.11336  0.001654  0.000681  0.017784    2.4296    1.5930  0.00084  0.00184  0.00150
   0.93281  0.07533  0.04890  1.09787  0.001530  0.000632  0.019138    2.4201    1.5942  0.00076  0.00168  0.00133
   0.94366  0.06499  0.04563  1.07997  0.001411  0.000586  0.020605    2.4105    1.5953  0.00068  0.00152  0.00118
   0.95345  0.05575  0.04241  1.05964  0.001300  0.000541  0.022174    2.4008    1.5966  0.00061  0.00138  0.00103
   0.96216  0.04761  0.03929  1.03689  0.001195  0.000500  0.023828    2.3910    1.5978  0.00054  0.00124  0.00089
   0.96984  0.04054  0.03631  1.01170  0.001098  0.000461  0.025546    2.3810    1.5991  0.00047  0.00111  0.00076
   0.97658  0.03441  0.03349  0.98396  0.001010  0.000426  0.027305    2.3708    1.6004  0.00041  0.00099  0.00065
   0.98251  0.02911  0.03083  0.95342  0.000928  0.000393  0.029080    2.3603    1.6018  0.00036  0.00088  0.00055
   0.98774  0.02453  0.02830  0.91972  0.000853  0.000363  0.030837    2.3497    1.6033  0.00031  0.00078  0.00045
   0.99240  0.02055  0.02589  0.88233  0.000784  0.000335  0.032534    2.3388    1.6048  0.00026  0.00069  0.00037
   0.99656  0.01707  0.02360  0.84056  0.000720  0.000309  0.034107    2.3276    1.6063  0.00022  0.00061  0.00030
   1.00032  0.01404  0.02138  0.79357  0.000661  0.000285  0.035463    2.3162    1.6079  0.00018  0.00052  0.00023
   1.00373  0.01138  0.01924  0.74028  0.000606  0.000263  0.036466    2.3046    1.6096  0.00014  0.00045  0.00017
   1.00685  0.00906  0.01715  0.67941  0.000556  0.000242  0.036916    2.2928    1.6113  0.00011  0.00038  0.00012
   1.00973  0.00704  0.01510  0.60950  0.000509  0.000223  0.036525    2.2811    1.6131  0.00008  0.00031  0.00008
   1.01240  0.00530  0.01308  0.52877  0.000467  0.000206  0.034973    2.2682    1.6150  0.00006  0.00025  0.00005
   1.01488  0.00381  0.01109  0.43590  0.000430  0.000190  0.031563    2.2604    1.6162  0.00004  0.00019  0.00003
   1.01722  0.00258  0.00911  0.32874  0.000396  0.000177  0.026257    2.2419    1.6191  0.00002  0.00013  0.00001
   1.01942  0.00159  0.00714  0.20809  0.000370  0.000165  0.017728    2.2447    1.6186  0.00001  0.00008  0.00000
   1.02150  0.00084  0.00520  0.07232  0.000339  0.000152  0.006822    2.2295    1.6211  0.00000  0.00002  0.00000
   1.02349  0.00034  0.00328 -0.07326  0.000339  0.000152  0.006911    2.2295    1.6211  0.00000 -0.00002 -0.00000
   1.02539  0.00006  0.00140 -0.22336  0.000321  0.000144  0.022459    2.2211    1.6224  0.00001 -0.00007 -0.00000
   1.02720  0.00001 -0.00042 -0.37437  0.000319  0.000143  0.037446    2.2332    1.6205  0.00002 -0.00012 -0.00001
   1.02905  0.00016 -0.00225 -0.52628  0.000319  0.000143  0.052732    2.2292    1.6211  0.00004 -0.00017 -0.00003
   1.03096  0.00056 -0.00413 -0.67660  0.000328  0.000146  0.065089    2.2433    1.6189  0.00007 -0.00022 -0.00007
   1.03296  0.00122 -0.00601 -0.81427  0.000346  0.000153  0.073444    2.2571    1.6167  0.00010 -0.00028 -0.00013
   1.03504  0.00215 -0.00788 -0.93327  0.000373  0.000164  0.076612    2.2777    1.6136  0.00014 -0.00035 -0.00021
   1.03723  0.00334 -0.00971 -1.03032  0.000409  0.000178  0.075415    2.3014    1.6101  0.00019 -0.00042 -0.00031
   1.03954  0.00480 -0.01150 -1.10612  0.000454  0.000195  0.071181    2.3276    1.6063  0.00024 -0.00050 -0.00042
   1.04200  0.00653 -0.01325 -1.16342  0.000507  0.000215  0.065308    2.3553    1.6025  0.00029 -0.00059 -0.00054
   1.04462  0.00853 -0.01495 -1.20570  0.000567  0.000238  0.058840    2.3835    1.5988  0.00035 -0.00068 -0.00067
   1.04744  0.01081 -0.01661 -1.23623  0.000634  0.000263  0.052424    2.4118    1.5952  0.00040 -0.00078 -0.00079
   1.05050  0.01339 -0.01825 -1.25773  0.000708  0.000290  0.046401    2.4399    1.5917  0.00046 -0.00089 -0.00092
   1.05383  0.01631 -0.01986 -1.27235  0.000790  0.000320  0.040913    2.4676    1.5885  0.00052 -0.00100 -0.00105
   1.05750  0.01960 -0.02147 -1.28168  0.000879  0.000352  0.035995    2.4948    1.5854  0.00058 -0.00113 -0.00118
   1.06156  0.02333 -0.02307 -1.28690  0.000976  0.000387  0.031623    2.5215    1.5825  0.00064 -0.00126 -0.00131
   1.06609  0.02757 -0.02468 -1.28887  0.001082  0.000425  0.027753    2.5478    1.5798  0.00071 -0.00139 -0.00144
   1.07120  0.03242 -0.02630 -1.28823  0.001199  0.000466  0.024329    2.5738    1.5772  0.00077 -0.00154 -0.00157
   1.07700  0.03798 -0.02793 -1.28542  0.001327  0.000510  0.021298    2.5995    1.5747  0.00084 -0.00171 -0.00171
   1.08362  0.04440 -0.02958 -1.28078  0.001468  0.000559  0.018618    2.6250    1.5724  0.00092 -0.00188 -0.00185
   1.09122  0.05181 -0.03124 -1.27458  0.001625  0.000613  0.016252    2.6503    1.5701  0.00100 -0.00207 -0.00199
   1.09993  0.06036 -0.03289 -1.26707  0.001797  0.000672  0.014173    2.6756    1.5680  0.00108 -0.00228 -0.00214
   1.10983  0.07013 -0.03449 -1.25851  0.001985  0.000735  0.012360    2.7006    1.5659  0.00116 -0.00250 -0.00229
   1.12094  0.08113 -0.03602 -1.24921  0.002188  0.000803  0.010795    2.7253    1.5639  0.00125 -0.00273 -0.00245
   1.13317  0.09329 -0.03741 -1.23948  0.002403  0.000874  0.009459    2.7496    1.5621  0.00134 -0.00298 -0.00260
   1.14637  0.10643 -0.03865 -1.22963  0.002626  0.000947  0.008328    2.7733    1.5604  0.00143 -0.00323 -0.00275
   1.16035  0.12037 -0.03971 -1.21990  0.002854  0.001021  0.007373    2.7963    1.5587  0.00152 -0.00348 -0.00289
   1.17492  0.13492 -0.04058 -1.21044  0.003085  0.001095  0.006568    2.8187    1.5572  0.00160 -0.00373 -0.00302
   1.18995  0.14993 -0.04126 -1.20136  0.003317  0.001168  0.005887    2.8404    1.5558  0.00169 -0.00399 -0.00315
   1.20532  0.16529 -0.04178 -1.19268  0.003549  0.001240  0.005307    2.8613    1.5545  0.00176 -0.00423 -0.00327
   1.22096  0.18092 -0.04213 -1.18444  0.003778  0.001311  0.004811    2.8814    1.5533  0.00184 -0.00448 -0.00338
   1.23681  0.19677 -0.04235 -1.17661  0.004006  0.001381  0.004386    2.9005    1.5521  0.00191 -0.00471 -0.00349
   1.25283  0.21279 -0.04244 -1.16919  0.004230  0.001449  0.004020    2.9185    1.5511  0.00198 -0.00495 -0.00359
   1.26900  0.22896 -0.04241 -1.16217  0.004451  0.001516  0.003704    2.9352    1.5502  0.00205 -0.00517 -0.00369
   1.28529  0.24525 -0.04228 -1.15552  0.004667  0.001582  0.003433    2.9505    1.5494  0.00211 -0.00539 -0.00378
   1.30169  0.26165 -0.04206 -1.14923  0.004879  0.001646  0.003200    2.9639    1.5487  0.00217 -0.00561 -0.00387
   1.31818  0.27814 -0.04176 -1.14330  0.005084  0.001709  0.003001    2.9753    1.5481  0.00223 -0.00581 -0.00395
   1.33476  0.29471 -0.04140 -1.13769  0.005282  0.001770  0.002834    2.9844    1.5476  0.00229 -0.00601 -0.00403
   1.35141  0.31136 -0.04097 -1.13242  0.005471  0.001829  0.002696    2.9908    1.5473  0.00235 -0.00620 -0.00411
   1.36813  0.32807 -0.04049 -1.12747  0.005651  0.001887  0.002585    2.9943    1.5472  0.00240 -0.00637 -0.00418
   1.38490  0.34483 -0.03997 -1.12284  0.005819  0.001943  0.002500    2.9943    1.5472  0.00245 -0.00653 -0.00426
   1.40172  0.36165 -0.03941 -1.11853  0.005975  0.001998  0.002440    2.9906    1.5473  0.00250 -0.00668 -0.00433
   1.41857  0.37849 -0.03882 -1.11456  0.006115  0.002050  0.002405    2.9827    1.5477  0.00255 -0.00682 -0.00439
   1.43543  0.39533 -0.03820 -1.11094  0.006236  0.002100  0.002400    2.9694    1.5484  0.00259 -0.00693 -0.00446
   1.45223  0.41212 -0.03756 -1.10766  0.006343  0.002148  0.002411    2.9534    1.5492  0.00263 -0.00703 -0.00452
   1.46900  0.42888 -0.03688 -1.10446  0.006466  0.002195  0.002387    2.9454    1.5497  0.00268 -0.00714 -0.00458
   1.48578  0.44564 -0.03614 -1.10134  0.006598  0.002243  0.002344    2.9421    1.5498  0.00272 -0.00727 -0.00464
   1.50257  0.46241 -0.03537 -1.09829  0.006737  0.002290  0.002288    2.9424    1.5498  0.00276 -0.00740 -0.00470
   1.51939  0.47921 -0.03455 -1.09530  0.006882  0.002337  0.002225    2.9451    1.5497  0.00280 -0.00754 -0.00476
   1.53623  0.49603 -0.03370 -1.09237  0.007029  0.002383  0.002158    2.9495    1.5494  0.00284 -0.00768 -0.00481
   1.55310  0.51287 -0.03282 -1.08951  0.007179  0.002430  0.002091    2.9548    1.5492  0.00288 -0.00782 -0.00487
   1.56999  0.52974 -0.03190 -1.08671  0.007329  0.002475  0.002025    2.9605    1.5489  0.00292 -0.00796 -0.00492
   1.58690  0.54662 -0.03096 -1.08399  0.007478  0.002521  0.001962    2.9664    1.5486  0.00296 -0.00811 -0.00497
   1.60383  0.56353 -0.03000 -1.08134  0.007625  0.002566  0.001903    2.9719    1.5483  0.00300 -0.00825 -0.00502
   1.62078  0.58045 -0.02902 -1.07876  0.007770  0.002610  0.001848    2.9769    1.5480  0.00304 -0.00838 -0.00507
   1.63774  0.59738 -0.02801 -1.07626  0.007911  0.002654  0.001799    2.9811    1.5478  0.00307 -0.00851 -0.00512
   1.65472  0.61433 -0.02699 -1.07384  0.008049  0.002697  0.001756    2.9844    1.5476  0.00311 -0.00864 -0.00517
   1.67172  0.63130 -0.02595 -1.07151  0.008181  0.002739  0.001717    2.9866    1.5475  0.00315 -0.00877 -0.00522
   1.68872  0.64827 -0.02490 -1.06925  0.008309  0.002781  0.001685    2.9877    1.5475  0.00318 -0.00888 -0.00526
   1.70574  0.66525 -0.02384 -1.06708  0.008430  0.002822  0.001658    2.9875    1.5475  0.00321 -0.00900 -0.00531
   1.72277  0.68225 -0.02277 -1.06500  0.008545  0.002862  0.001636    2.9860    1.5476  0.00325 -0.00910 -0.00535
   1.73980  0.69925 -0.02169 -1.06300  0.008654  0.002901  0.001620    2.9831    1.5477  0.00328 -0.00920 -0.00539
   1.75684  0.71625 -0.02060 -1.06109  0.008756  0.002939  0.001609    2.9788    1.5479  0.00331 -0.00929 -0.00544
   1.77389  0.73326 -0.01950 -1.05927  0.008850  0.002977  0.001603    2.9731    1.5482  0.00334 -0.00937 -0.00548
   1.79094  0.75027 -0.01839 -1.05755  0.008937  0.003013  0.001603    2.9658    1.5486  0.00337 -0.00945 -0.00552
   1.80799  0.76729 -0.01728 -1.05592  0.009015  0.003049  0.001608    2.9571    1.5490  0.00340 -0.00952 -0.00556
   1.82504  0.78430 -0.01616 -1.05439  0.009085  0.003083  0.001618    2.9468    1.5496  0.00343 -0.00958 -0.00560
   1.84209  0.80132 -0.01503 -1.05296  0.009146  0.003116  0.001634    2.9349    1.5502  0.00346 -0.00963 -0.00564
   1.85914  0.81833 -0.01390 -1.05165  0.009197  0.003148  0.001656    2.9213    1.5510  0.00348 -0.00967 -0.00568
   1.87618  0.83534 -0.01276 -1.05045  0.009237  0.003179  0.001685    2.9060    1.5518  0.00351 -0.00970 -0.00572
   1.89322  0.85233 -0.01162 -1.04938  0.009267  0.003208  0.001720    2.8887    1.5528  0.00353 -0.00972 -0.00576
   1.91023  0.86931 -0.01047 -1.04845  0.009283  0.003235  0.001763    2.8694    1.5540  0.00356 -0.00973 -0.00579
   1.92721  0.88624 -0.00931 -1.04768  0.009285  0.003261  0.001816    2.8477    1.5553  0.00358 -0.00973 -0.00583
   1.94411  0.90311 -0.00815 -1.04710  0.009271  0.003284  0.001879    2.8233    1.5569  0.00360 -0.00971 -0.00587
   1.96087  0.91982 -0.00699 -1.04674  0.009237  0.003304  0.001956    2.7958    1.5588  0.00362 -0.00967 -0.00591
   1.97732  0.93623 -0.00584 -1.04665  0.009180  0.003320  0.002050    2.7649    1.5610  0.00364 -0.00961 -0.00594
   1.99319  0.95207 -0.00472 -1.04687  0.009098  0.003332  0.002162    2.7303    1.5636  0.00365 -0.00952 -0.00598
   2.00805  0.96689 -0.00367 -1.04746  0.008987  0.003338  0.002296    2.6922    1.5666  0.00366 -0.00941 -0.00601
   2.02139  0.98019 -0.00271 -1.04848  0.008846  0.003338  0.002456    2.6504    1.5701  0.00367 -0.00927 -0.00604
   2.03285  0.99163 -0.00187 -1.04978  0.008694  0.003332  0.002624    2.6095    1.5738  0.00367 -0.00913 -0.00607
   2.04125  1.00000 -0.00126 -1.05243  0.008408  0.003304  0.002927    2.5447    1.5756  0.00366 -0.00885 -0.00607
   2.04125  1.00010 -0.00001  1.05243  0.066228  0.006339  0.000000   10.4474
   2.04963  1.00847 -0.00054  1.04745  0.065058  0.006713  0.000000    9.6913
   2.05919  1.01800 -0.00107  1.04094  0.063417  0.007200  0.000000    8.8079
   2.07007  1.02887 -0.00164  1.03315  0.061402  0.007782  0.000000    7.8901
   2.08247  1.04126 -0.00225  1.02386  0.058959  0.008474  0.000000    6.9576
   2.09659  1.05537 -0.00290  1.01248  0.056033  0.009317  0.000000    6.0142
   2.11268  1.07144 -0.00361  0.99828  0.052569  0.010365  0.000000    5.0719
   2.13102  1.08976 -0.00437  0.97980  0.048540  0.011726  0.000000    4.1394
   2.15190  1.11063 -0.00520  0.95882  0.043912  0.013273  0.000000    3.3084
   2.17570  1.13441 -0.00609  0.94204  0.038770  0.014495  0.000000    2.6746
   2.20281  1.16150 -0.00704  0.93134  0.033496  0.015249  0.000000    2.1966
   2.23369  1.19237 -0.00807  0.92817  0.028557  0.015459  0.000000    1.8473
   2.26888  1.22753 -0.00917  0.93182  0.024357  0.015235  0.000000    1.5988
   2.30896  1.26760 -0.01034  0.93976  0.021072  0.014788  0.000000    1.4250
   2.35463  1.31325 -0.01160  0.94916  0.018642  0.014301  0.000000    1.3036
   2.40666  1.36526 -0.01294  0.95817  0.016888  0.013867  0.000000    1.2178
   2.46593  1.42452 -0.01436  0.96600  0.015627  0.013512  0.000000    1.1566
   2.53346  1.49203 -0.01586  0.97254  0.014719  0.013229  0.000000    1.1126
   2.61039  1.56895 -0.01744  0.97790  0.014061  0.013006  0.000000    1.0812
   2.69804  1.65658 -0.01911  0.98227  0.013583  0.012829  0.000000    1.0587
   2.79789  1.75642 -0.02085  0.98580  0.013233  0.012690  0.000000    1.0429
   2.91165  1.87016 -0.02268  0.98864  0.012977  0.012579  0.000000    1.0316
   3.04125  1.99975 -0.02458  0.99152  0.012764  0.012469  0.000000    1.0237
