#    s        x        y     Ue/Vinf    Dstar     Theta      Cf       H       H*        P         m          K          tau         Di
   0.00000  1.00000  0.00126  0.96298  0.042822  0.016096  0.000506    2.6604    1.5323  0.01493  0.04124  0.02202
   0.00837  0.99180  0.00295  0.96693  0.041909  0.015790  0.000519    2.6541    1.5332  0.01476  0.04052  0.02189
   0.01972  0.98067  0.00521  0.97249  0.040671  0.015371  0.000538    2.6459    1.5344  0.01454  0.03955  0.02169
   0.03284  0.96782  0.00778  0.97909  0.039338  0.014892  0.000555    2.6415    1.5354  0.01428  0.03852  0.02146
   0.04736  0.95357  0.01057  0.98662  0.037985  0.014368  0.000568    2.6438    1.5360  0.01399  0.03748  0.02120
   0.06282  0.93838  0.01349  0.99488  0.036687  0.013817  0.000572    2.6552    1.5361  0.01368  0.03650  0.02090
   0.07882  0.92265  0.01644  1.00372  0.035493  0.013253  0.000567    2.6780    1.5354  0.01335  0.03563  0.02058
   0.09511  0.90663  0.01939  1.01305  0.034429  0.012685  0.000564    2.7141    1.5339  0.01302  0.03488  0.02023
   0.11155  0.89046  0.02230  1.02286  0.033503  0.012115  0.000548    2.7655    1.5315  0.01268  0.03427  0.01986
   0.12806  0.87420  0.02515  1.03320  0.032716  0.011540  0.000517    2.8350    1.5284  0.01232  0.03380  0.01945
   0.14460  0.85789  0.02795  1.04416  0.032064  0.010957  0.000468    2.9263    1.5247  0.01195  0.03348  0.01902
   0.16116  0.84156  0.03068  1.05589  0.031540  0.010360  0.000400    3.0443    1.5205  0.01155  0.03330  0.01854
   0.17773  0.82520  0.03335  1.06859  0.031136  0.009743  0.000311    3.1958    1.5162  0.01112  0.03327  0.01802
   0.19431  0.80884  0.03596  1.08249  0.030841  0.009097  0.000203    3.3904    1.5124  0.01066  0.03338  0.01745
   0.21089  0.79245  0.03851  1.09786  0.030642  0.008415  0.000080    3.6414    1.5098  0.01014  0.03364  0.01681
   0.22746  0.77606  0.04099  1.11502  0.030521  0.007690 -0.000051    3.9688    1.5094  0.00956  0.03403  0.01609
   0.24404  0.75966  0.04340  1.13519  0.030437  0.006883 -0.000176    4.4224    1.5171  0.00887  0.03455  0.01527
   0.26062  0.74326  0.04576  1.15727  0.030383  0.006048 -0.000263    5.0236    1.5293  0.00810  0.03516  0.01434
   0.27719  0.72684  0.04804  1.18050  0.030334  0.005220 -0.000298    5.8106    1.5423  0.00728  0.03581  0.01325
   0.29375  0.71043  0.05026  1.20551  0.030240  0.004383 -0.000318    6.8987    1.5585  0.00637  0.03645  0.01197
   0.31031  0.69401  0.05242  1.23311  0.030036  0.003520 -0.000334    8.5334    1.5824  0.00535  0.03704  0.01044
   0.32687  0.67758  0.05450  1.26451  0.029621  0.002608 -0.000352   11.3572    1.6220  0.00417  0.03746  0.00855
   0.34341  0.66116  0.05652  1.27257  0.029359  0.002392 -0.000624   12.2762    1.6048  0.00387  0.03736  0.00791
   0.35995  0.64474  0.05847  1.27352  0.028976  0.002370 -0.000630   12.2283    1.6041  0.00384  0.03690  0.00785
   0.37648  0.62832  0.06035  1.27440  0.028412  0.002350 -0.000637   12.0926    1.6024  0.00382  0.03621  0.00779
   0.39299  0.61191  0.06215  1.27526  0.027710  0.002331 -0.000643   11.8887    1.5997  0.00379  0.03534  0.00773
   0.40949  0.59550  0.06388  1.27611  0.026896  0.002313 -0.000650   11.6292    1.5963  0.00377  0.03432  0.00767
   0.42598  0.57909  0.06553  1.27696  0.025992  0.002295 -0.000657   11.3234    1.5924  0.00374  0.03319  0.00761
   0.44245  0.56270  0.06711  1.27783  0.025012  0.002278 -0.000665   10.9786    1.5880  0.00372  0.03196  0.00755
   0.45890  0.54631  0.06860  1.27873  0.023970  0.002261 -0.000673   10.6009    1.5833  0.00370  0.03065  0.00749
   0.47533  0.52994  0.07002  1.27969  0.022877  0.002244 -0.000682   10.1958    1.5783  0.00367  0.02927  0.00742
   0.49174  0.51358  0.07135  1.28071  0.021742  0.002226 -0.000692    9.7679    1.5731  0.00365  0.02784  0.00736
   0.50813  0.49724  0.07259  1.28181  0.020575  0.002207 -0.000704    9.3217    1.5678  0.00363  0.02637  0.00729
   0.52450  0.48092  0.07374  1.28303  0.019384  0.002188 -0.000717    8.8612    1.5624  0.00360  0.02487  0.00722
   0.54083  0.46462  0.07480  1.28440  0.018178  0.002167 -0.000732    8.3903    1.5572  0.00357  0.02335  0.00715
   0.55713  0.44834  0.07576  1.28594  0.016964  0.002144 -0.000750    7.9127    1.5521  0.00355  0.02182  0.00708
   0.57339  0.43211  0.07663  1.28771  0.015751  0.002119 -0.000771    7.4321    1.5472  0.00351  0.02028  0.00700
   0.58960  0.41592  0.07738  1.28975  0.014548  0.002092 -0.000798    6.9524    1.5426  0.00348  0.01876  0.00693
   0.60571  0.39982  0.07804  1.29215  0.013359  0.002063 -0.000831    6.4758    1.5385  0.00344  0.01726  0.00685
   0.62170  0.38384  0.07856  1.29497  0.012214  0.002030 -0.000871    6.0165    1.5349  0.00340  0.01582  0.00677
   0.63761  0.36794  0.07893  1.29835  0.011139  0.001993 -0.000911    5.5878    1.5321  0.00336  0.01446  0.00668
   0.65345  0.35210  0.07916  1.30238  0.010134  0.001953 -0.000929    5.1900    1.5300  0.00331  0.01320  0.00660
   0.66923  0.33632  0.07922  1.30715  0.009204  0.001907 -0.000907    4.8255    1.5287  0.00326  0.01203  0.00651
   0.68496  0.32059  0.07913  1.31275  0.008352  0.001858 -0.000800    4.4959    1.5281  0.00320  0.01096  0.00642
   0.70063  0.30492  0.07888  1.31918  0.007580  0.001804 -0.000576    4.2013    1.5280  0.00314  0.01000  0.00633
   0.71624  0.28931  0.07846  1.32636  0.006886  0.001747 -0.000216    3.9409    1.5282  0.00307  0.00913  0.00623
   0.73180  0.27377  0.07787  1.33438  0.006271  0.001687  0.000274    3.7171    1.5293  0.00300  0.00837  0.00613
   0.74728  0.25831  0.07709  1.34322  0.005728  0.001623  0.000875    3.5293    1.5314  0.00293  0.00769  0.00602
   0.76269  0.24293  0.07614  1.35275  0.005253  0.001557  0.001558    3.3743    1.5342  0.00285  0.00711  0.00591
   0.77801  0.22765  0.07499  1.36275  0.004837  0.001489  0.002296    3.2480    1.5374  0.00277  0.00659  0.00579
   0.79324  0.21248  0.07364  1.37305  0.004471  0.001421  0.003069    3.1456    1.5407  0.00268  0.00614  0.00567
   0.80835  0.19745  0.07210  1.38348  0.004147  0.001354  0.003864    3.0627    1.5440  0.00259  0.00574  0.00554
   0.82334  0.18256  0.07034  1.39395  0.003857  0.001287  0.004673    2.9955    1.5471  0.00250  0.00538  0.00540
   0.83818  0.16785  0.06837  1.40440  0.003593  0.001222  0.005498    2.9410    1.5499  0.00241  0.00505  0.00524
   0.85283  0.15336  0.06618  1.41482  0.003350  0.001157  0.006342    2.8966    1.5524  0.00232  0.00474  0.00509
   0.86726  0.13914  0.06378  1.42523  0.003124  0.001092  0.007216    2.8601    1.5546  0.00222  0.00445  0.00492
   0.88139  0.12525  0.06115  1.43567  0.002910  0.001028  0.008134    2.8300    1.5565  0.00212  0.00418  0.00474
   0.89514  0.11179  0.05832  1.44617  0.002706  0.000965  0.009114    2.8049    1.5582  0.00202  0.00391  0.00455
   0.90840  0.09889  0.05531  1.45677  0.002510  0.000902  0.010181    2.7836    1.5596  0.00191  0.00366  0.00435
   0.92101  0.08668  0.05215  1.46746  0.002322  0.000840  0.011361    2.7649    1.5610  0.00181  0.00341  0.00414
   0.93281  0.07533  0.04890  1.47818  0.002141  0.000779  0.012686    2.7479    1.5622  0.00170  0.00316  0.00393
   0.94366  0.06499  0.04563  1.48881  0.001968  0.000721  0.014188    2.7316    1.5635  0.00160  0.00293  0.00372
   0.95345  0.05575  0.04241  1.49920  0.001805  0.000665  0.015903    2.7152    1.5647  0.00149  0.00271  0.00351
   0.96216  0.04761  0.03929  1.50915  0.001653  0.000613  0.017864    2.6979    1.5661  0.00140  0.00249  0.00330
   0.96984  0.04054  0.03631  1.51846  0.001511  0.000564  0.020111    2.6794    1.5676  0.00130  0.00229  0.00309
   0.97658  0.03441  0.03349  1.52693  0.001380  0.000519  0.022684    2.6595    1.5693  0.00121  0.00211  0.00290
   0.98251  0.02911  0.03083  1.53436  0.001258  0.000477  0.025636    2.6380    1.5712  0.00112  0.00193  0.00271
   0.98774  0.02453  0.02830  1.54048  0.001146  0.000438  0.029026    2.6150    1.5733  0.00104  0.00177  0.00252
   0.99240  0.02055  0.02589  1.54498  0.001042  0.000402  0.032923    2.5903    1.5756  0.00096  0.00161  0.00234
   0.99656  0.01707  0.02360  1.54742  0.000946  0.000369  0.037410    2.5642    1.5782  0.00088  0.00146  0.00216
   1.00032  0.01404  0.02138  1.54721  0.000857  0.000338  0.042572    2.5366    1.5810  0.00081  0.00133  0.00198
   1.00373  0.01138  0.01924  1.54352  0.000775  0.000309  0.048490    2.5076    1.5840  0.00074  0.00120  0.00180
   1.00685  0.00906  0.01715  1.53524  0.000699  0.000282  0.055229    2.4775    1.5874  0.00066  0.00107  0.00162
   1.00973  0.00704  0.01510  1.52088  0.000629  0.000257  0.062799    2.4465    1.5910  0.00059  0.00096  0.00144
   1.01240  0.00530  0.01308  1.49847  0.000565  0.000234  0.071104    2.4148    1.5948  0.00053  0.00085  0.00126
   1.01488  0.00381  0.01109  1.46551  0.000508  0.000213  0.079857    2.3831    1.5988  0.00046  0.00074  0.00107
   1.01722  0.00258  0.00911  1.41905  0.000458  0.000195  0.088472    2.3518    1.6030  0.00039  0.00065  0.00089
   1.01942  0.00159  0.00714  1.35600  0.000415  0.000179  0.095973    2.3220    1.6071  0.00033  0.00056  0.00072
   1.02150  0.00084  0.00520  1.27383  0.000380  0.000166  0.101014    2.2947    1.6110  0.00027  0.00048  0.00055
   1.02349  0.00034  0.00328  1.17158  0.000353  0.000156  0.102174    2.2708    1.6146  0.00021  0.00041  0.00040
   1.02539  0.00006  0.00140  1.05131  0.000335  0.000149  0.098249    2.2537    1.6172  0.00016  0.00035  0.00028
   1.02720  0.00001 -0.00042  0.91875  0.000323  0.000144  0.089848    2.2430    1.6189  0.00012  0.00030  0.00018
   1.02905  0.00016 -0.00225  0.77136  0.000316  0.000141  0.077836    2.2340    1.6203  0.00008  0.00024  0.00011
   1.03096  0.00056 -0.00413  0.60802  0.000314  0.000142  0.062346    2.2210    1.6224  0.00005  0.00019  0.00005
   1.03296  0.00122 -0.00601  0.43883  0.000322  0.000144  0.043679    2.2278    1.6213  0.00003  0.00014  0.00002
   1.03504  0.00215 -0.00788  0.27053  0.000335  0.000151  0.026306    2.2105    1.6242  0.00001  0.00009  0.00000
   1.03723  0.00334 -0.00971  0.11553  0.000370  0.000166  0.009987    2.2295    1.6211  0.00000  0.00004  0.00000
   1.03954  0.00480 -0.01150 -0.02678  0.000370  0.000166  0.002315    2.2295    1.6211  0.00000 -0.00001 -0.00000
   1.04200  0.00653 -0.01325 -0.15222  0.000427  0.000190  0.011247    2.2438    1.6188  0.00000 -0.00007 -0.00000
   1.04462  0.00853 -0.01495 -0.25933  0.000462  0.000206  0.017790    2.2409    1.6192  0.00001 -0.00012 -0.00001
   1.04744  0.01081 -0.01661 -0.35307  0.000508  0.000224  0.021580    2.2635    1.6157  0.00003 -0.00018 -0.00002
   1.05050  0.01339 -0.01825 -0.43352  0.000557  0.000245  0.024023    2.2693    1.6148  0.00005 -0.00024 -0.00003
   1.05383  0.01631 -0.01986 -0.50358  0.000612  0.000268  0.025073    2.2829    1.6128  0.00007 -0.00031 -0.00006
   1.05750  0.01960 -0.02147 -0.56455  0.000672  0.000293  0.025337    2.2940    1.6111  0.00009 -0.00038 -0.00008
   1.06156  0.02333 -0.02307 -0.61809  0.000738  0.000320  0.024995    2.3057    1.6094  0.00012 -0.00046 -0.00012
   1.06609  0.02757 -0.02468 -0.66539  0.000809  0.000349  0.024249    2.3175    1.6077  0.00015 -0.00054 -0.00017
   1.07120  0.03242 -0.02630 -0.70741  0.000888  0.000381  0.023226    2.3295    1.6061  0.00019 -0.00063 -0.00022
   1.07700  0.03798 -0.02793 -0.74489  0.000975  0.000416  0.022018    2.3416    1.6044  0.00023 -0.00073 -0.00028
   1.08362  0.04440 -0.02958 -0.77838  0.001071  0.000455  0.020696    2.3539    1.6027  0.00028 -0.00083 -0.00034
   1.09122  0.05181 -0.03124 -0.80825  0.001178  0.000498  0.019312    2.3664    1.6010  0.00033 -0.00095 -0.00042
   1.09993  0.06036 -0.03289 -0.83470  0.001295  0.000544  0.017912    2.3791    1.5994  0.00038 -0.00108 -0.00051
   1.10983  0.07013 -0.03449 -0.85782  0.001423  0.000595  0.016538    2.3919    1.5977  0.00044 -0.00122 -0.00060
   1.12094  0.08113 -0.03602 -0.87770  0.001562  0.000649  0.015226    2.4046    1.5961  0.00050 -0.00137 -0.00070
   1.13317  0.09329 -0.03741 -0.89446  0.001708  0.000707  0.014006    2.4172    1.5945  0.00057 -0.00153 -0.00081
   1.14637  0.10643 -0.03865 -0.90832  0.001860  0.000766  0.012898    2.4295    1.5930  0.00063 -0.00169 -0.00091
   1.16035  0.12037 -0.03971 -0.91962  0.002016  0.000826  0.011906    2.4412    1.5916  0.00070 -0.00185 -0.00102
   1.17492  0.13492 -0.04058 -0.92874  0.002173  0.000886  0.011027    2.4525    1.5903  0.00076 -0.00202 -0.00113
   1.18995  0.14993 -0.04126 -0.93605  0.002330  0.000946  0.010250    2.4632    1.5890  0.00083 -0.00218 -0.00123
   1.20532  0.16529 -0.04178 -0.94190  0.002486  0.001005  0.009564    2.4734    1.5878  0.00089 -0.00234 -0.00133
   1.22096  0.18092 -0.04213 -0.94655  0.002641  0.001063  0.008958    2.4830    1.5868  0.00095 -0.00250 -0.00143
   1.23681  0.19677 -0.04235 -0.95026  0.002793  0.001121  0.008420    2.4921    1.5857  0.00101 -0.00265 -0.00153
   1.25283  0.21279 -0.04244 -0.95320  0.002944  0.001177  0.007942    2.5006    1.5848  0.00107 -0.00281 -0.00162
   1.26900  0.22896 -0.04241 -0.95553  0.003092  0.001232  0.007517    2.5084    1.5840  0.00113 -0.00295 -0.00170
   1.28529  0.24525 -0.04228 -0.95738  0.003237  0.001287  0.007138    2.5156    1.5832  0.00118 -0.00310 -0.00179
   1.30169  0.26165 -0.04206 -0.95885  0.003379  0.001340  0.006800    2.5220    1.5825  0.00123 -0.00324 -0.00187
   1.31818  0.27814 -0.04176 -0.96003  0.003518  0.001392  0.006500    2.5276    1.5819  0.00128 -0.00338 -0.00195
   1.33476  0.29471 -0.04140 -0.96099  0.003653  0.001443  0.006234    2.5323    1.5814  0.00133 -0.00351 -0.00202
   1.35141  0.31136 -0.04097 -0.96180  0.003784  0.001492  0.006001    2.5359    1.5810  0.00138 -0.00364 -0.00210
   1.36813  0.32807 -0.04049 -0.96253  0.003909  0.001540  0.005797    2.5383    1.5808  0.00143 -0.00376 -0.00217
   1.38490  0.34483 -0.03997 -0.96323  0.004029  0.001587  0.005624    2.5392    1.5807  0.00147 -0.00388 -0.00224
   1.40172  0.36165 -0.03941 -0.96396  0.004141  0.001631  0.005481    2.5383    1.5808  0.00152 -0.00399 -0.00231
   1.41857  0.37849 -0.03882 -0.96478  0.004244  0.001674  0.005369    2.5354    1.5811  0.00156 -0.00409 -0.00238
   1.43543  0.39533 -0.03820 -0.96583  0.004335  0.001714  0.005300    2.5289    1.5818  0.00160 -0.00419 -0.00244
   1.45223  0.41212 -0.03756 -0.96706  0.004415  0.001752  0.005256    2.5208    1.5826  0.00164 -0.00427 -0.00251
   1.46900  0.42888 -0.03688 -0.96802  0.004512  0.001790  0.005150    2.5205    1.5827  0.00168 -0.00437 -0.00257
   1.48578  0.44564 -0.03614 -0.96876  0.004617  0.001829  0.005020    2.5237    1.5823  0.00172 -0.00447 -0.00263
   1.50257  0.46241 -0.03537 -0.96929  0.004727  0.001869  0.004877    2.5290    1.5818  0.00176 -0.00458 -0.00269
   1.51939  0.47921 -0.03455 -0.96964  0.004840  0.001909  0.004732    2.5354    1.5811  0.00179 -0.00469 -0.00275
   1.53623  0.49603 -0.03370 -0.96985  0.004954  0.001949  0.004590    2.5421    1.5804  0.00183 -0.00480 -0.00281
   1.55310  0.51287 -0.03282 -0.96994  0.005068  0.001989  0.004454    2.5487    1.5797  0.00187 -0.00492 -0.00287
   1.56999  0.52974 -0.03190 -0.96992  0.005182  0.002028  0.004326    2.5551    1.5791  0.00191 -0.00503 -0.00292
   1.58690  0.54662 -0.03096 -0.96984  0.005294  0.002067  0.004206    2.5610    1.5785  0.00194 -0.00513 -0.00298
   1.60383  0.56353 -0.03000 -0.96968  0.005405  0.002106  0.004094    2.5664    1.5779  0.00198 -0.00524 -0.00303
   1.62078  0.58045 -0.02902 -0.96949  0.005514  0.002144  0.003991    2.5712    1.5775  0.00202 -0.00535 -0.00308
   1.63774  0.59738 -0.02801 -0.96926  0.005621  0.002182  0.003896    2.5754    1.5771  0.00205 -0.00545 -0.00313
   1.65472  0.61433 -0.02699 -0.96901  0.005725  0.002220  0.003808    2.5791    1.5767  0.00208 -0.00555 -0.00318
   1.67172  0.63130 -0.02595 -0.96874  0.005828  0.002257  0.003727    2.5822    1.5764  0.00212 -0.00565 -0.00323
   1.68872  0.64827 -0.02490 -0.96847  0.005927  0.002293  0.003653    2.5848    1.5761  0.00215 -0.00574 -0.00328
   1.70574  0.66525 -0.02384 -0.96819  0.006025  0.002329  0.003584    2.5869    1.5759  0.00218 -0.00583 -0.00333
   1.72277  0.68225 -0.02277 -0.96791  0.006120  0.002364  0.003520    2.5886    1.5758  0.00222 -0.00592 -0.00338
   1.73980  0.69925 -0.02169 -0.96765  0.006214  0.002399  0.003461    2.5899    1.5757  0.00225 -0.00601 -0.00343
   1.75684  0.71625 -0.02060 -0.96738  0.006305  0.002433  0.003407    2.5909    1.5756  0.00228 -0.00610 -0.00347
   1.77389  0.73326 -0.01950 -0.96713  0.006394  0.002467  0.003356    2.5916    1.5755  0.00231 -0.00618 -0.00352
   1.79094  0.75027 -0.01839 -0.96688  0.006481  0.002500  0.003308    2.5921    1.5754  0.00234 -0.00627 -0.00356
   1.80799  0.76729 -0.01728 -0.96665  0.006567  0.002533  0.003262    2.5924    1.5754  0.00237 -0.00635 -0.00360
   1.82504  0.78430 -0.01616 -0.96641  0.006652  0.002566  0.003219    2.5927    1.5754  0.00240 -0.00643 -0.00365
   1.84209  0.80132 -0.01503 -0.96618  0.006736  0.002598  0.003177    2.5930    1.5753  0.00242 -0.00651 -0.00369
   1.85914  0.81833 -0.01390 -0.96595  0.006819  0.002629  0.003136    2.5935    1.5753  0.00245 -0.00659 -0.00373
   1.87618  0.83534 -0.01276 -0.96571  0.006902  0.002661  0.003095    2.5941    1.5753  0.00248 -0.00667 -0.00377
   1.89322  0.85233 -0.01162 -0.96546  0.006986  0.002692  0.003054    2.5950    1.5752  0.00251 -0.00674 -0.00382
   1.91023  0.86931 -0.01047 -0.96519  0.007070  0.002723  0.003012    2.5962    1.5750  0.00254 -0.00682 -0.00386
   1.92721  0.88624 -0.00931 -0.96490  0.007156  0.002754  0.002969    2.5980    1.5749  0.00256 -0.00690 -0.00390
   1.94411  0.90311 -0.00815 -0.96458  0.007243  0.002785  0.002925    2.6004    1.5747  0.00259 -0.00699 -0.00394
   1.96087  0.91982 -0.00699 -0.96422  0.007332  0.002816  0.002878    2.6035    1.5744  0.00262 -0.00707 -0.00397
   1.97732  0.93623 -0.00584 -0.96382  0.007423  0.002847  0.002829    2.6073    1.5740  0.00264 -0.00715 -0.00401
   1.99319  0.95207 -0.00472 -0.96339  0.007513  0.002877  0.002780    2.6117    1.5736  0.00267 -0.00724 -0.00405
   2.00805  0.96689 -0.00367 -0.96295  0.007600  0.002905  0.002732    2.6163    1.5732  0.00269 -0.00732 -0.00408
   2.02139  0.98019 -0.00271 -0.96257  0.007675  0.002930  0.002694    2.6196    1.5729  0.00271 -0.00739 -0.00411
   2.03285  0.99163 -0.00187 -0.96219  0.007745  0.002952  0.002656    2.6238    1.5725  0.00273 -0.00745 -0.00413
   2.04125  1.00000 -0.00126 -0.96298  0.007670  0.002953  0.002767    2.5974    1.5708  0.00274 -0.00739 -0.00414
   2.04125  1.00010 -0.00001  0.96298  0.052982  0.019049  0.000000    2.7814
   2.04963  1.00847 -0.00053  0.95804  0.051996  0.019517  0.000000    2.6642
   2.05919  1.01801 -0.00099  0.95567  0.050574  0.019741  0.000000    2.5619
   2.07007  1.02888 -0.00145  0.95339  0.048970  0.019955  0.000000    2.4540
   2.08247  1.04127 -0.00190  0.95131  0.047191  0.020148  0.000000    2.3422
   2.09659  1.05539 -0.00235  0.94954  0.045249  0.020309  0.000000    2.2280
   2.11268  1.07148 -0.00277  0.94823  0.043162  0.020426  0.000000    2.1131
   2.13102  1.08981 -0.00317  0.94754  0.040960  0.020487  0.000000    1.9993
   2.15190  1.11069 -0.00352  0.94760  0.038682  0.020481  0.000000    1.8886
   2.17570  1.13448 -0.00382  0.94852  0.036377  0.020405  0.000000    1.7827
   2.20281  1.16159 -0.00404  0.95034  0.034102  0.020260  0.000000    1.6832
   2.23369  1.19247 -0.00415  0.95299  0.031913  0.020056  0.000000    1.5912
   2.26888  1.22766 -0.00412  0.95634  0.029861  0.019808  0.000000    1.5076
   2.30896  1.26774 -0.00390  0.96018  0.027983  0.019534  0.000000    1.4325
   2.35463  1.31341 -0.00346  0.96429  0.026300  0.019253  0.000000    1.3660
   2.40666  1.36543 -0.00273  0.96843  0.024818  0.018979  0.000000    1.3076
   2.46593  1.42469 -0.00164  0.97244  0.023531  0.018724  0.000000    1.2567
   2.53346  1.49221 -0.00011  0.97618  0.022426  0.018493  0.000000    1.2127
   2.61039  1.56911  0.00195  0.97958  0.021486  0.018288  0.000000    1.1748
   2.69804  1.65671  0.00466  0.98264  0.020693  0.018109  0.000000    1.1427
   2.79789  1.75651  0.00814  0.98532  0.020033  0.017955  0.000000    1.1157
   2.91165  1.87018  0.01256  0.98765  0.019488  0.017824  0.000000    1.0933
   3.04125  1.99966  0.01807  0.99110  0.018951  0.017633  0.000000    1.0747
